3 8
3 2 - 1 4
3 9999 - 1 4
3 4 - 1 4
3 6 - 1 4
3 4 | 2 4
4 4 | 2 4
2 10 | 1 4
9 10 | 1 4
3 8
3 2 - 1 4
3 10499 - 1 4
3 4 - 1 4
3 6 - 1 4
3 4 | 2 4
4 4 | 2 4
2 10 | 1 4
9 10 | 1 4
3 8
3 2 - 1 4
3 10999 - 1 4
3 4 - 1 4
3 6 - 1 4
3 4 | 2 4
4 4 | 2 4
2 10 | 1 4
9 10 | 1 4
3 8
3 2 - 1 4
3 11499 - 1 4
3 4 - 1 4
3 6 - 1 4
3 4 | 2 4
4 4 | 2 4
2 10 | 1 4
9 10 | 1 4
3 8
3 2 - 1 4
3 11999 - 1 4
3 4 - 1 4
3 6 - 1 4
3 4 | 2 4
4 4 | 2 4
2 10 | 1 4
9 10 | 1 4
3 8
3 2 - 1 4
3 12499 - 1 4
3 4 - 1 4
3 6 - 1 4
3 4 | 2 4
4 4 | 2 4
2 10 | 1 4
9 10 | 1 4
3 8
3 2 - 1 4
3 12999 - 1 4
3 4 - 1 4
3 6 - 1 4
3 4 | 2 4
4 4 | 2 4
2 10 | 1 4
9 10 | 1 4
3 8
3 2 - 1 4
3 13499 - 1 4
3 4 - 1 4
3 6 - 1 4
3 4 | 2 4
4 4 | 2 4
2 10 | 1 4
9 10 | 1 4
3 8
3 2 - 1 4
3 13999 - 1 4
3 4 - 1 4
3 6 - 1 4
3 4 | 2 4
4 4 | 2 4
2 10 | 1 4
9 10 | 1 4
3 8
3 2 - 1 4
3 14499 - 1 4
3 4 - 1 4
3 6 - 1 4
3 4 | 2 4
4 4 | 2 4
2 10 | 1 4
9 10 | 1 4
3 8
3 2 - 1 4
3 14999 - 1 4
3 4 - 1 4
3 6 - 1 4
3 4 | 2 4
4 4 | 2 4
2 10 | 1 4
9 10 | 1 4
3 8
3 2 - 1 4
3 15499 - 1 4
3 4 - 1 4
3 6 - 1 4
3 4 | 2 4
4 4 | 2 4
2 10 | 1 4
9 10 | 1 4
3 8
3 2 - 1 4
3 15999 - 1 4
3 4 - 1 4
3 6 - 1 4
3 4 | 2 4
4 4 | 2 4
2 10 | 1 4
9 10 | 1 4
3 8
3 2 - 1 4
3 16499 - 1 4
3 4 - 1 4
3 6 - 1 4
3 4 | 2 4
4 4 | 2 4
2 10 | 1 4
9 10 | 1 4
3 8
3 2 - 1 4
3 16999 - 1 4
3 4 - 1 4
3 6 - 1 4
3 4 | 2 4
4 4 | 2 4
2 10 | 1 4
9 10 | 1 4
3 8
3 2 - 1 4
3 17499 - 1 4
3 4 - 1 4
3 6 - 1 4
3 4 | 2 4
4 4 | 2 4
2 10 | 1 4
9 10 | 1 4
3 8
3 2 - 1 4
3 17999 - 1 4
3 4 - 1 4
3 6 - 1 4
3 4 | 2 4
4 4 | 2 4
2 10 | 1 4
9 10 | 1 4
3 8
3 2 - 1 4
3 18499 - 1 4
3 4 - 1 4
3 6 - 1 4
3 4 | 2 4
4 4 | 2 4
2 10 | 1 4
9 10 | 1 4
3 8
3 2 - 1 4
3 18999 - 1 4
3 4 - 1 4
3 6 - 1 4
3 4 | 2 4
4 4 | 2 4
2 10 | 1 4
9 10 | 1 4
3 8
3 2 - 1 4
3 19499 - 1 4
3 4 - 1 4
3 6 - 1 4
3 4 | 2 4
4 4 | 2 4
2 10 | 1 4
9 10 | 1 4
3 8
3 2 - 1 4
3 19999 - 1 4
3 4 - 1 4
3 6 - 1 4
3 4 | 2 4
4 4 | 2 4
2 10 | 1 4
9 10 | 1 4
3 8
3 2 - 1 4
3 20499 - 1 4
3 4 - 1 4
3 6 - 1 4
3 4 | 2 4
4 4 | 2 4
2 10 | 1 4
9 10 | 1 4
3 8
3 2 - 1 4
3 20999 - 1 4
3 4 - 1 4
3 6 - 1 4
3 4 | 2 4
4 4 | 2 4
2 10 | 1 4
9 10 | 1 4
3 8
3 2 - 1 4
3 21499 - 1 4
3 4 - 1 4
3 6 - 1 4
3 4 | 2 4
4 4 | 2 4
2 10 | 1 4
9 10 | 1 4
3 8
3 2 - 1 4
3 21999 - 1 4
3 4 - 1 4
3 6 - 1 4
3 4 | 2 4
4 4 | 2 4
2 10 | 1 4
9 10 | 1 4
3 8
3 2 - 1 4
3 22499 - 1 4
3 4 - 1 4
3 6 - 1 4
3 4 | 2 4
4 4 | 2 4
2 10 | 1 4
9 10 | 1 4
3 8
3 2 - 1 4
3 22999 - 1 4
3 4 - 1 4
3 6 - 1 4
3 4 | 2 4
4 4 | 2 4
2 10 | 1 4
9 10 | 1 4
3 8
3 2 - 1 4
3 23499 - 1 4
3 4 - 1 4
3 6 - 1 4
3 4 | 2 4
4 4 | 2 4
2 10 | 1 4
9 10 | 1 4
3 8
3 2 - 1 4
3 23999 - 1 4
3 4 - 1 4
3 6 - 1 4
3 4 | 2 4
4 4 | 2 4
2 10 | 1 4
9 10 | 1 4
3 8
3 2 - 1 4
3 24499 - 1 4
3 4 - 1 4
3 6 - 1 4
3 4 | 2 4
4 4 | 2 4
2 10 | 1 4
9 10 | 1 4
3 8
3 2 - 1 4
3 24999 - 1 4
3 4 - 1 4
3 6 - 1 4
3 4 | 2 4
4 4 | 2 4
2 10 | 1 4
9 10 | 1 4
3 8
3 2 - 1 4
3 25499 - 1 4
3 4 - 1 4
3 6 - 1 4
3 4 | 2 4
4 4 | 2 4
2 10 | 1 4
9 10 | 1 4
3 8
3 2 - 1 4
3 25999 - 1 4
3 4 - 1 4
3 6 - 1 4
3 4 | 2 4
4 4 | 2 4
2 10 | 1 4
9 10 | 1 4
3 8
3 2 - 1 4
3 26499 - 1 4
3 4 - 1 4
3 6 - 1 4
3 4 | 2 4
4 4 | 2 4
2 10 | 1 4
9 10 | 1 4
3 8
3 2 - 1 4
3 26999 - 1 4
3 4 - 1 4
3 6 - 1 4
3 4 | 2 4
4 4 | 2 4
2 10 | 1 4
9 10 | 1 4
3 8
3 2 - 1 4
3 27499 - 1 4
3 4 - 1 4
3 6 - 1 4
3 4 | 2 4
4 4 | 2 4
2 10 | 1 4
9 10 | 1 4
3 8
3 2 - 1 4
3 27999 - 1 4
3 4 - 1 4
3 6 - 1 4
3 4 | 2 4
4 4 | 2 4
2 10 | 1 4
9 10 | 1 4
3 8
3 2 - 1 4
3 28499 - 1 4
3 4 - 1 4
3 6 - 1 4
3 4 | 2 4
4 4 | 2 4
2 10 | 1 4
9 10 | 1 4
3 8
3 2 - 1 4
3 28999 - 1 4
3 4 - 1 4
3 6 - 1 4
3 4 | 2 4
4 4 | 2 4
2 10 | 1 4
9 10 | 1 4
3 8
3 2 - 1 4
3 29499 - 1 4
3 4 - 1 4
3 6 - 1 4
3 4 | 2 4
4 4 | 2 4
2 10 | 1 4
9 10 | 1 4
3 8
3 2 - 1 4
3 29999 - 1 4
3 4 - 1 4
3 6 - 1 4
3 4 | 2 4
4 4 | 2 4
2 10 | 1 4
9 10 | 1 4
3 8
3 2 - 1 4
3 30499 - 1 4
3 4 - 1 4
3 6 - 1 4
3 4 | 2 4
4 4 | 2 4
2 10 | 1 4
9 10 | 1 4
3 8
3 2 - 1 4
3 30999 - 1 4
3 4 - 1 4
3 6 - 1 4
3 4 | 2 4
4 4 | 2 4
2 10 | 1 4
9 10 | 1 4
3 8
3 2 - 1 4
3 31499 - 1 4
3 4 - 1 4
3 6 - 1 4
3 4 | 2 4
4 4 | 2 4
2 10 | 1 4
9 10 | 1 4
3 8
3 2 - 1 4
3 31999 - 1 4
3 4 - 1 4
3 6 - 1 4
3 4 | 2 4
4 4 | 2 4
2 10 | 1 4
9 10 | 1 4
3 8
3 2 - 1 4
3 32499 - 1 4
3 4 - 1 4
3 6 - 1 4
3 4 | 2 4
4 4 | 2 4
2 10 | 1 4
9 10 | 1 4
3 8
3 2 - 1 4
3 32999 - 1 4
3 4 - 1 4
3 6 - 1 4
3 4 | 2 4
4 4 | 2 4
2 10 | 1 4
9 10 | 1 4
3 8
3 2 - 1 4
3 33499 - 1 4
3 4 - 1 4
3 6 - 1 4
3 4 | 2 4
4 4 | 2 4
2 10 | 1 4
9 10 | 1 4
3 8
3 2 - 1 4
3 33999 - 1 4
3 4 - 1 4
3 6 - 1 4
3 4 | 2 4
4 4 | 2 4
2 10 | 1 4
9 10 | 1 4
3 8
3 2 - 1 4
3 34499 - 1 4
3 4 - 1 4
3 6 - 1 4
3 4 | 2 4
4 4 | 2 4
2 10 | 1 4
9 10 | 1 4
3 8
3 2 - 1 4
3 34999 - 1 4
3 4 - 1 4
3 6 - 1 4
3 4 | 2 4
4 4 | 2 4
2 10 | 1 4
9 10 | 1 4
3 8
3 2 - 1 4
3 35499 - 1 4
3 4 - 1 4
3 6 - 1 4
3 4 | 2 4
4 4 | 2 4
2 10 | 1 4
9 10 | 1 4
3 8
3 2 - 1 4
3 35999 - 1 4
3 4 - 1 4
3 6 - 1 4
3 4 | 2 4
4 4 | 2 4
2 10 | 1 4
9 10 | 1 4
3 8
3 2 - 1 4
3 36499 - 1 4
3 4 - 1 4
3 6 - 1 4
3 4 | 2 4
4 4 | 2 4
2 10 | 1 4
9 10 | 1 4
3 8
3 2 - 1 4
3 36999 - 1 4
3 4 - 1 4
3 6 - 1 4
3 4 | 2 4
4 4 | 2 4
2 10 | 1 4
9 10 | 1 4
3 8
3 2 - 1 4
3 37499 - 1 4
3 4 - 1 4
3 6 - 1 4
3 4 | 2 4
4 4 | 2 4
2 10 | 1 4
9 10 | 1 4
3 8
3 2 - 1 4
3 37999 - 1 4
3 4 - 1 4
3 6 - 1 4
3 4 | 2 4
4 4 | 2 4
2 10 | 1 4
9 10 | 1 4
3 8
3 2 - 1 4
3 38499 - 1 4
3 4 - 1 4
3 6 - 1 4
3 4 | 2 4
4 4 | 2 4
2 10 | 1 4
9 10 | 1 4
3 8
3 2 - 1 4
3 38999 - 1 4
3 4 - 1 4
3 6 - 1 4
3 4 | 2 4
4 4 | 2 4
2 10 | 1 4
9 10 | 1 4
3 8
3 2 - 1 4
3 39499 - 1 4
3 4 - 1 4
3 6 - 1 4
3 4 | 2 4
4 4 | 2 4
2 10 | 1 4
9 10 | 1 4
3 8
3 2 - 1 4
3 39999 - 1 4
3 4 - 1 4
3 6 - 1 4
3 4 | 2 4
4 4 | 2 4
2 10 | 1 4
9 10 | 1 4
3 8
3 2 - 1 4
3 40499 - 1 4
3 4 - 1 4
3 6 - 1 4
3 4 | 2 4
4 4 | 2 4
2 10 | 1 4
9 10 | 1 4
3 8
3 2 - 1 4
3 40999 - 1 4
3 4 - 1 4
3 6 - 1 4
3 4 | 2 4
4 4 | 2 4
2 10 | 1 4
9 10 | 1 4
3 8
3 2 - 1 4
3 41499 - 1 4
3 4 - 1 4
3 6 - 1 4
3 4 | 2 4
4 4 | 2 4
2 10 | 1 4
9 10 | 1 4
3 8
3 2 - 1 4
3 41999 - 1 4
3 4 - 1 4
3 6 - 1 4
3 4 | 2 4
4 4 | 2 4
2 10 | 1 4
9 10 | 1 4
3 8
3 2 - 1 4
3 42499 - 1 4
3 4 - 1 4
3 6 - 1 4
3 4 | 2 4
4 4 | 2 4
2 10 | 1 4
9 10 | 1 4
3 8
3 2 - 1 4
3 42999 - 1 4
3 4 - 1 4
3 6 - 1 4
3 4 | 2 4
4 4 | 2 4
2 10 | 1 4
9 10 | 1 4
3 8
3 2 - 1 4
3 43499 - 1 4
3 4 - 1 4
3 6 - 1 4
3 4 | 2 4
4 4 | 2 4
2 10 | 1 4
9 10 | 1 4
3 8
3 2 - 1 4
3 43999 - 1 4
3 4 - 1 4
3 6 - 1 4
3 4 | 2 4
4 4 | 2 4
2 10 | 1 4
9 10 | 1 4
3 8
3 2 - 1 4
3 44499 - 1 4
3 4 - 1 4
3 6 - 1 4
3 4 | 2 4
4 4 | 2 4
2 10 | 1 4
9 10 | 1 4
3 8
3 2 - 1 4
3 44999 - 1 4
3 4 - 1 4
3 6 - 1 4
3 4 | 2 4
4 4 | 2 4
2 10 | 1 4
9 10 | 1 4
3 8
3 2 - 1 4
3 45499 - 1 4
3 4 - 1 4
3 6 - 1 4
3 4 | 2 4
4 4 | 2 4
2 10 | 1 4
9 10 | 1 4
3 8
3 2 - 1 4
3 45999 - 1 4
3 4 - 1 4
3 6 - 1 4
3 4 | 2 4
4 4 | 2 4
2 10 | 1 4
9 10 | 1 4
3 8
3 2 - 1 4
3 46499 - 1 4
3 4 - 1 4
3 6 - 1 4
3 4 | 2 4
4 4 | 2 4
2 10 | 1 4
9 10 | 1 4
3 8
3 2 - 1 4
3 46999 - 1 4
3 4 - 1 4
3 6 - 1 4
3 4 | 2 4
4 4 | 2 4
2 10 | 1 4
9 10 | 1 4
3 8
3 2 - 1 4
3 47499 - 1 4
3 4 - 1 4
3 6 - 1 4
3 4 | 2 4
4 4 | 2 4
2 10 | 1 4
9 10 | 1 4
3 8
3 2 - 1 4
3 47999 - 1 4
3 4 - 1 4
3 6 - 1 4
3 4 | 2 4
4 4 | 2 4
2 10 | 1 4
9 10 | 1 4
3 8
3 2 - 1 4
3 48499 - 1 4
3 4 - 1 4
3 6 - 1 4
3 4 | 2 4
4 4 | 2 4
2 10 | 1 4
9 10 | 1 4
3 8
3 2 - 1 4
3 48999 - 1 4
3 4 - 1 4
3 6 - 1 4
3 4 | 2 4
4 4 | 2 4
2 10 | 1 4
9 10 | 1 4
3 8
3 2 - 1 4
3 49499 - 1 4
3 4 - 1 4
3 6 - 1 4
3 4 | 2 4
4 4 | 2 4
2 10 | 1 4
9 10 | 1 4
3 8
3 2 - 1 4
3 49999 - 1 4
3 4 - 1 4
3 6 - 1 4
3 4 | 2 4
4 4 | 2 4
2 10 | 1 4
9 10 | 1 4
3 8
3 2 - 1 4
3 50499 - 1 4
3 4 - 1 4
3 6 - 1 4
3 4 | 2 4
4 4 | 2 4
2 10 | 1 4
9 10 | 1 4
3 8
3 2 - 1 4
3 50999 - 1 4
3 4 - 1 4
3 6 - 1 4
3 4 | 2 4
4 4 | 2 4
2 10 | 1 4
9 10 | 1 4
3 8
3 2 - 1 4
3 51499 - 1 4
3 4 - 1 4
3 6 - 1 4
3 4 | 2 4
4 4 | 2 4
2 10 | 1 4
9 10 | 1 4
3 8
3 2 - 1 4
3 51999 - 1 4
3 4 - 1 4
3 6 - 1 4
3 4 | 2 4
4 4 | 2 4
2 10 | 1 4
9 10 | 1 4
3 8
3 2 - 1 4
3 52499 - 1 4
3 4 - 1 4
3 6 - 1 4
3 4 | 2 4
4 4 | 2 4
2 10 | 1 4
9 10 | 1 4
3 8
3 2 - 1 4
3 52999 - 1 4
3 4 - 1 4
3 6 - 1 4
3 4 | 2 4
4 4 | 2 4
2 10 | 1 4
9 10 | 1 4
3 8
3 2 - 1 4
3 53499 - 1 4
3 4 - 1 4
3 6 - 1 4
3 4 | 2 4
4 4 | 2 4
2 10 | 1 4
9 10 | 1 4
3 8
3 2 - 1 4
3 53999 - 1 4
3 4 - 1 4
3 6 - 1 4
3 4 | 2 4
4 4 | 2 4
2 10 | 1 4
9 10 | 1 4
3 8
3 2 - 1 4
3 54499 - 1 4
3 4 - 1 4
3 6 - 1 4
3 4 | 2 4
4 4 | 2 4
2 10 | 1 4
9 10 | 1 4
3 8
3 2 - 1 4
3 54999 - 1 4
3 4 - 1 4
3 6 - 1 4
3 4 | 2 4
4 4 | 2 4
2 10 | 1 4
9 10 | 1 4
3 8
3 2 - 1 4
3 55499 - 1 4
3 4 - 1 4
3 6 - 1 4
3 4 | 2 4
4 4 | 2 4
2 10 | 1 4
9 10 | 1 4
3 8
3 2 - 1 4
3 55999 - 1 4
3 4 - 1 4
3 6 - 1 4
3 4 | 2 4
4 4 | 2 4
2 10 | 1 4
9 10 | 1 4
3 8
3 2 - 1 4
3 56499 - 1 4
3 4 - 1 4
3 6 - 1 4
3 4 | 2 4
4 4 | 2 4
2 10 | 1 4
9 10 | 1 4
3 8
3 2 - 1 4
3 56999 - 1 4
3 4 - 1 4
3 6 - 1 4
3 4 | 2 4
4 4 | 2 4
2 10 | 1 4
9 10 | 1 4
3 8
3 2 - 1 4
3 57499 - 1 4
3 4 - 1 4
3 6 - 1 4
3 4 | 2 4
4 4 | 2 4
2 10 | 1 4
9 10 | 1 4
3 8
3 2 - 1 4
3 57999 - 1 4
3 4 - 1 4
3 6 - 1 4
3 4 | 2 4
4 4 | 2 4
2 10 | 1 4
9 10 | 1 4
3 8
3 2 - 1 4
3 58499 - 1 4
3 4 - 1 4
3 6 - 1 4
3 4 | 2 4
4 4 | 2 4
2 10 | 1 4
9 10 | 1 4
3 8
3 2 - 1 4
3 58999 - 1 4
3 4 - 1 4
3 6 - 1 4
3 4 | 2 4
4 4 | 2 4
2 10 | 1 4
9 10 | 1 4
3 8
3 2 - 1 4
3 59499 - 1 4
3 4 - 1 4
3 6 - 1 4
3 4 | 2 4
4 4 | 2 4
2 10 | 1 4
9 10 | 1 4
3 8
3 2 - 1 4
3 59999 - 1 4
3 4 - 1 4
3 6 - 1 4
3 4 | 2 4
4 4 | 2 4
2 10 | 1 4
9 10 | 1 4
3 8
3 2 - 1 4
3 60499 - 1 4
3 4 - 1 4
3 6 - 1 4
3 4 | 2 4
4 4 | 2 4
2 10 | 1 4
9 10 | 1 4
3 8
3 2 - 1 4
3 60999 - 1 4
3 4 - 1 4
3 6 - 1 4
3 4 | 2 4
4 4 | 2 4
2 10 | 1 4
9 10 | 1 4
3 8
3 2 - 1 4
3 61499 - 1 4
3 4 - 1 4
3 6 - 1 4
3 4 | 2 4
4 4 | 2 4
2 10 | 1 4
9 10 | 1 4
3 8
3 2 - 1 4
3 61999 - 1 4
3 4 - 1 4
3 6 - 1 4
3 4 | 2 4
4 4 | 2 4
2 10 | 1 4
9 10 | 1 4
3 8
3 2 - 1 4
3 62499 - 1 4
3 4 - 1 4
3 6 - 1 4
3 4 | 2 4
4 4 | 2 4
2 10 | 1 4
9 10 | 1 4
3 8
3 2 - 1 4
3 62999 - 1 4
3 4 - 1 4
3 6 - 1 4
3 4 | 2 4
4 4 | 2 4
2 10 | 1 4
9 10 | 1 4
3 8
3 2 - 1 4
3 63499 - 1 4
3 4 - 1 4
3 6 - 1 4
3 4 | 2 4
4 4 | 2 4
2 10 | 1 4
9 10 | 1 4
3 8
3 2 - 1 4
3 63999 - 1 4
3 4 - 1 4
3 6 - 1 4
3 4 | 2 4
4 4 | 2 4
2 10 | 1 4
9 10 | 1 4
3 8
3 2 - 1 4
3 64499 - 1 4
3 4 - 1 4
3 6 - 1 4
3 4 | 2 4
4 4 | 2 4
2 10 | 1 4
9 10 | 1 4
3 8
3 2 - 1 4
3 64999 - 1 4
3 4 - 1 4
3 6 - 1 4
3 4 | 2 4
4 4 | 2 4
2 10 | 1 4
9 10 | 1 4
3 8
3 2 - 1 4
3 65499 - 1 4
3 4 - 1 4
3 6 - 1 4
3 4 | 2 4
4 4 | 2 4
2 10 | 1 4
9 10 | 1 4
3 8
3 2 - 1 4
3 65999 - 1 4
3 4 - 1 4
3 6 - 1 4
3 4 | 2 4
4 4 | 2 4
2 10 | 1 4
9 10 | 1 4
3 8
3 2 - 1 4
3 66499 - 1 4
3 4 - 1 4
3 6 - 1 4
3 4 | 2 4
4 4 | 2 4
2 10 | 1 4
9 10 | 1 4
3 8
3 2 - 1 4
3 66999 - 1 4
3 4 - 1 4
3 6 - 1 4
3 4 | 2 4
4 4 | 2 4
2 10 | 1 4
9 10 | 1 4
3 8
3 2 - 1 4
3 67499 - 1 4
3 4 - 1 4
3 6 - 1 4
3 4 | 2 4
4 4 | 2 4
2 10 | 1 4
9 10 | 1 4
3 8
3 2 - 1 4
3 67999 - 1 4
3 4 - 1 4
3 6 - 1 4
3 4 | 2 4
4 4 | 2 4
2 10 | 1 4
9 10 | 1 4
3 8
3 2 - 1 4
3 68499 - 1 4
3 4 - 1 4
3 6 - 1 4
3 4 | 2 4
4 4 | 2 4
2 10 | 1 4
9 10 | 1 4
3 8
3 2 - 1 4
3 68999 - 1 4
3 4 - 1 4
3 6 - 1 4
3 4 | 2 4
4 4 | 2 4
2 10 | 1 4
9 10 | 1 4
3 8
3 2 - 1 4
3 69499 - 1 4
3 4 - 1 4
3 6 - 1 4
3 4 | 2 4
4 4 | 2 4
2 10 | 1 4
9 10 | 1 4
3 8
3 2 - 1 4
3 69999 - 1 4
3 4 - 1 4
3 6 - 1 4
3 4 | 2 4
4 4 | 2 4
2 10 | 1 4
9 10 | 1 4
3 8
3 2 - 1 4
3 70499 - 1 4
3 4 - 1 4
3 6 - 1 4
3 4 | 2 4
4 4 | 2 4
2 10 | 1 4
9 10 | 1 4
3 8
3 2 - 1 4
3 70999 - 1 4
3 4 - 1 4
3 6 - 1 4
3 4 | 2 4
4 4 | 2 4
2 10 | 1 4
9 10 | 1 4
3 8
3 2 - 1 4
3 71499 - 1 4
3 4 - 1 4
3 6 - 1 4
3 4 | 2 4
4 4 | 2 4
2 10 | 1 4
9 10 | 1 4
3 8
3 2 - 1 4
3 71999 - 1 4
3 4 - 1 4
3 6 - 1 4
3 4 | 2 4
4 4 | 2 4
2 10 | 1 4
9 10 | 1 4
3 8
3 2 - 1 4
3 72499 - 1 4
3 4 - 1 4
3 6 - 1 4
3 4 | 2 4
4 4 | 2 4
2 10 | 1 4
9 10 | 1 4
3 8
3 2 - 1 4
3 72999 - 1 4
3 4 - 1 4
3 6 - 1 4
3 4 | 2 4
4 4 | 2 4
2 10 | 1 4
9 10 | 1 4
3 8
3 2 - 1 4
3 73499 - 1 4
3 4 - 1 4
3 6 - 1 4
3 4 | 2 4
4 4 | 2 4
2 10 | 1 4
9 10 | 1 4
3 8
3 2 - 1 4
3 73999 - 1 4
3 4 - 1 4
3 6 - 1 4
3 4 | 2 4
4 4 | 2 4
2 10 | 1 4
9 10 | 1 4
3 8
3 2 - 1 4
3 74499 - 1 4
3 4 - 1 4
3 6 - 1 4
3 4 | 2 4
4 4 | 2 4
2 10 | 1 4
9 10 | 1 4
3 8
3 2 - 1 4
3 74999 - 1 4
3 4 - 1 4
3 6 - 1 4
3 4 | 2 4
4 4 | 2 4
2 10 | 1 4
9 10 | 1 4
3 8
3 2 - 1 4
3 75499 - 1 4
3 4 - 1 4
3 6 - 1 4
3 4 | 2 4
4 4 | 2 4
2 10 | 1 4
9 10 | 1 4
3 8
3 2 - 1 4
3 75999 - 1 4
3 4 - 1 4
3 6 - 1 4
3 4 | 2 4
4 4 | 2 4
2 10 | 1 4
9 10 | 1 4
3 8
3 2 - 1 4
3 76499 - 1 4
3 4 - 1 4
3 6 - 1 4
3 4 | 2 4
4 4 | 2 4
2 10 | 1 4
9 10 | 1 4
3 8
3 2 - 1 4
3 76999 - 1 4
3 4 - 1 4
3 6 - 1 4
3 4 | 2 4
4 4 | 2 4
2 10 | 1 4
9 10 | 1 4
3 8
3 2 - 1 4
3 77499 - 1 4
3 4 - 1 4
3 6 - 1 4
3 4 | 2 4
4 4 | 2 4
2 10 | 1 4
9 10 | 1 4
3 8
3 2 - 1 4
3 77999 - 1 4
3 4 - 1 4
3 6 - 1 4
3 4 | 2 4
4 4 | 2 4
2 10 | 1 4
9 10 | 1 4
3 8
3 2 - 1 4
3 78499 - 1 4
3 4 - 1 4
3 6 - 1 4
3 4 | 2 4
4 4 | 2 4
2 10 | 1 4
9 10 | 1 4
3 8
3 2 - 1 4
3 78999 - 1 4
3 4 - 1 4
3 6 - 1 4
3 4 | 2 4
4 4 | 2 4
2 10 | 1 4
9 10 | 1 4
3 8
3 2 - 1 4
3 79499 - 1 4
3 4 - 1 4
3 6 - 1 4
3 4 | 2 4
4 4 | 2 4
2 10 | 1 4
9 10 | 1 4
3 8
3 2 - 1 4
3 79999 - 1 4
3 4 - 1 4
3 6 - 1 4
3 4 | 2 4
4 4 | 2 4
2 10 | 1 4
9 10 | 1 4
3 8
3 2 - 1 4
3 80499 - 1 4
3 4 - 1 4
3 6 - 1 4
3 4 | 2 4
4 4 | 2 4
2 10 | 1 4
9 10 | 1 4
3 8
3 2 - 1 4
3 80999 - 1 4
3 4 - 1 4
3 6 - 1 4
3 4 | 2 4
4 4 | 2 4
2 10 | 1 4
9 10 | 1 4
3 8
3 2 - 1 4
3 81499 - 1 4
3 4 - 1 4
3 6 - 1 4
3 4 | 2 4
4 4 | 2 4
2 10 | 1 4
9 10 | 1 4
3 8
3 2 - 1 4
3 81999 - 1 4
3 4 - 1 4
3 6 - 1 4
3 4 | 2 4
4 4 | 2 4
2 10 | 1 4
9 10 | 1 4
3 8
3 2 - 1 4
3 82499 - 1 4
3 4 - 1 4
3 6 - 1 4
3 4 | 2 4
4 4 | 2 4
2 10 | 1 4
9 10 | 1 4
3 8
3 2 - 1 4
3 82999 - 1 4
3 4 - 1 4
3 6 - 1 4
3 4 | 2 4
4 4 | 2 4
2 10 | 1 4
9 10 | 1 4
3 8
3 2 - 1 4
3 83499 - 1 4
3 4 - 1 4
3 6 - 1 4
3 4 | 2 4
4 4 | 2 4
2 10 | 1 4
9 10 | 1 4
3 8
3 2 - 1 4
3 83999 - 1 4
3 4 - 1 4
3 6 - 1 4
3 4 | 2 4
4 4 | 2 4
2 10 | 1 4
9 10 | 1 4
3 8
3 2 - 1 4
3 84499 - 1 4
3 4 - 1 4
3 6 - 1 4
3 4 | 2 4
4 4 | 2 4
2 10 | 1 4
9 10 | 1 4
3 8
3 2 - 1 4
3 84999 - 1 4
3 4 - 1 4
3 6 - 1 4
3 4 | 2 4
4 4 | 2 4
2 10 | 1 4
9 10 | 1 4
3 8
3 2 - 1 4
3 85499 - 1 4
3 4 - 1 4
3 6 - 1 4
3 4 | 2 4
4 4 | 2 4
2 10 | 1 4
9 10 | 1 4
3 8
3 2 - 1 4
3 85999 - 1 4
3 4 - 1 4
3 6 - 1 4
3 4 | 2 4
4 4 | 2 4
2 10 | 1 4
9 10 | 1 4
3 8
3 2 - 1 4
3 86499 - 1 4
3 4 - 1 4
3 6 - 1 4
3 4 | 2 4
4 4 | 2 4
2 10 | 1 4
9 10 | 1 4
3 8
3 2 - 1 4
3 86999 - 1 4
3 4 - 1 4
3 6 - 1 4
3 4 | 2 4
4 4 | 2 4
2 10 | 1 4
9 10 | 1 4
3 8
3 2 - 1 4
3 87499 - 1 4
3 4 - 1 4
3 6 - 1 4
3 4 | 2 4
4 4 | 2 4
2 10 | 1 4
9 10 | 1 4
3 8
3 2 - 1 4
3 87999 - 1 4
3 4 - 1 4
3 6 - 1 4
3 4 | 2 4
4 4 | 2 4
2 10 | 1 4
9 10 | 1 4
3 8
3 2 - 1 4
3 88499 - 1 4
3 4 - 1 4
3 6 - 1 4
3 4 | 2 4
4 4 | 2 4
2 10 | 1 4
9 10 | 1 4
3 8
3 2 - 1 4
3 88999 - 1 4
3 4 - 1 4
3 6 - 1 4
3 4 | 2 4
4 4 | 2 4
2 10 | 1 4
9 10 | 1 4
3 8
3 2 - 1 4
3 89499 - 1 4
3 4 - 1 4
3 6 - 1 4
3 4 | 2 4
4 4 | 2 4
2 10 | 1 4
9 10 | 1 4
3 8
3 2 - 1 4
3 89999 - 1 4
3 4 - 1 4
3 6 - 1 4
3 4 | 2 4
4 4 | 2 4
2 10 | 1 4
9 10 | 1 4
3 8
3 2 - 1 4
3 90499 - 1 4
3 4 - 1 4
3 6 - 1 4
3 4 | 2 4
4 4 | 2 4
2 10 | 1 4
9 10 | 1 4
3 8
3 2 - 1 4
3 90999 - 1 4
3 4 - 1 4
3 6 - 1 4
3 4 | 2 4
4 4 | 2 4
2 10 | 1 4
9 10 | 1 4
3 8
3 2 - 1 4
3 91499 - 1 4
3 4 - 1 4
3 6 - 1 4
3 4 | 2 4
4 4 | 2 4
2 10 | 1 4
9 10 | 1 4
3 8
3 2 - 1 4
3 91999 - 1 4
3 4 - 1 4
3 6 - 1 4
3 4 | 2 4
4 4 | 2 4
2 10 | 1 4
9 10 | 1 4
3 8
3 2 - 1 4
3 92499 - 1 4
3 4 - 1 4
3 6 - 1 4
3 4 | 2 4
4 4 | 2 4
2 10 | 1 4
9 10 | 1 4
3 8
3 2 - 1 4
3 92999 - 1 4
3 4 - 1 4
3 6 - 1 4
3 4 | 2 4
4 4 | 2 4
2 10 | 1 4
9 10 | 1 4
3 8
3 2 - 1 4
3 93499 - 1 4
3 4 - 1 4
3 6 - 1 4
3 4 | 2 4
4 4 | 2 4
2 10 | 1 4
9 10 | 1 4
3 8
3 2 - 1 4
3 93999 - 1 4
3 4 - 1 4
3 6 - 1 4
3 4 | 2 4
4 4 | 2 4
2 10 | 1 4
9 10 | 1 4
3 8
3 2 - 1 4
3 94499 - 1 4
3 4 - 1 4
3 6 - 1 4
3 4 | 2 4
4 4 | 2 4
2 10 | 1 4
9 10 | 1 4
3 8
3 2 - 1 4
3 94999 - 1 4
3 4 - 1 4
3 6 - 1 4
3 4 | 2 4
4 4 | 2 4
2 10 | 1 4
9 10 | 1 4
3 8
3 2 - 1 4
3 95499 - 1 4
3 4 - 1 4
3 6 - 1 4
3 4 | 2 4
4 4 | 2 4
2 10 | 1 4
9 10 | 1 4
3 8
3 2 - 1 4
3 95999 - 1 4
3 4 - 1 4
3 6 - 1 4
3 4 | 2 4
4 4 | 2 4
2 10 | 1 4
9 10 | 1 4
3 8
3 2 - 1 4
3 96499 - 1 4
3 4 - 1 4
3 6 - 1 4
3 4 | 2 4
4 4 | 2 4
2 10 | 1 4
9 10 | 1 4
3 8
3 2 - 1 4
3 96999 - 1 4
3 4 - 1 4
3 6 - 1 4
3 4 | 2 4
4 4 | 2 4
2 10 | 1 4
9 10 | 1 4
3 8
3 2 - 1 4
3 97499 - 1 4
3 4 - 1 4
3 6 - 1 4
3 4 | 2 4
4 4 | 2 4
2 10 | 1 4
9 10 | 1 4
3 8
3 2 - 1 4
3 97999 - 1 4
3 4 - 1 4
3 6 - 1 4
3 4 | 2 4
4 4 | 2 4
2 10 | 1 4
9 10 | 1 4
3 8
3 2 - 1 4
3 98499 - 1 4
3 4 - 1 4
3 6 - 1 4
3 4 | 2 4
4 4 | 2 4
2 10 | 1 4
9 10 | 1 4
3 8
3 2 - 1 4
3 98999 - 1 4
3 4 - 1 4
3 6 - 1 4
3 4 | 2 4
4 4 | 2 4
2 10 | 1 4
9 10 | 1 4
3 8
3 2 - 1 4
3 99499 - 1 4
3 4 - 1 4
3 6 - 1 4
3 4 | 2 4
4 4 | 2 4
2 10 | 1 4
9 10 | 1 4
3 8
3 2 - 1 4
3 99999 - 1 4
3 4 - 1 4
3 6 - 1 4
3 4 | 2 4
4 4 | 2 4
2 10 | 1 4
9 10 | 1 4
3 8
3 2 - 1 4
3 100499 - 1 4
3 4 - 1 4
3 6 - 1 4
3 4 | 2 4
4 4 | 2 4
2 10 | 1 4
9 10 | 1 4
3 8
3 2 - 1 4
3 100999 - 1 4
3 4 - 1 4
3 6 - 1 4
3 4 | 2 4
4 4 | 2 4
2 10 | 1 4
9 10 | 1 4
3 8
3 2 - 1 4
3 101499 - 1 4
3 4 - 1 4
3 6 - 1 4
3 4 | 2 4
4 4 | 2 4
2 10 | 1 4
9 10 | 1 4
3 8
3 2 - 1 4
3 101999 - 1 4
3 4 - 1 4
3 6 - 1 4
3 4 | 2 4
4 4 | 2 4
2 10 | 1 4
9 10 | 1 4
3 8
3 2 - 1 4
3 102499 - 1 4
3 4 - 1 4
3 6 - 1 4
3 4 | 2 4
4 4 | 2 4
2 10 | 1 4
9 10 | 1 4
3 8
3 2 - 1 4
3 102999 - 1 4
3 4 - 1 4
3 6 - 1 4
3 4 | 2 4
4 4 | 2 4
2 10 | 1 4
9 10 | 1 4
3 8
3 2 - 1 4
3 103499 - 1 4
3 4 - 1 4
3 6 - 1 4
3 4 | 2 4
4 4 | 2 4
2 10 | 1 4
9 10 | 1 4
3 8
3 2 - 1 4
3 103999 - 1 4
3 4 - 1 4
3 6 - 1 4
3 4 | 2 4
4 4 | 2 4
2 10 | 1 4
9 10 | 1 4
3 8
3 2 - 1 4
3 104499 - 1 4
3 4 - 1 4
3 6 - 1 4
3 4 | 2 4
4 4 | 2 4
2 10 | 1 4
9 10 | 1 4
3 8
3 2 - 1 4
3 104999 - 1 4
3 4 - 1 4
3 6 - 1 4
3 4 | 2 4
4 4 | 2 4
2 10 | 1 4
9 10 | 1 4
3 8
3 2 - 1 4
3 105499 - 1 4
3 4 - 1 4
3 6 - 1 4
3 4 | 2 4
4 4 | 2 4
2 10 | 1 4
9 10 | 1 4
3 8
3 2 - 1 4
3 105999 - 1 4
3 4 - 1 4
3 6 - 1 4
3 4 | 2 4
4 4 | 2 4
2 10 | 1 4
9 10 | 1 4
3 8
3 2 - 1 4
3 106499 - 1 4
3 4 - 1 4
3 6 - 1 4
3 4 | 2 4
4 4 | 2 4
2 10 | 1 4
9 10 | 1 4
3 8
3 2 - 1 4
3 106999 - 1 4
3 4 - 1 4
3 6 - 1 4
3 4 | 2 4
4 4 | 2 4
2 10 | 1 4
9 10 | 1 4
3 8
3 2 - 1 4
3 107499 - 1 4
3 4 - 1 4
3 6 - 1 4
3 4 | 2 4
4 4 | 2 4
2 10 | 1 4
9 10 | 1 4
3 8
3 2 - 1 4
3 107999 - 1 4
3 4 - 1 4
3 6 - 1 4
3 4 | 2 4
4 4 | 2 4
2 10 | 1 4
9 10 | 1 4
3 8
3 2 - 1 4
3 108499 - 1 4
3 4 - 1 4
3 6 - 1 4
3 4 | 2 4
4 4 | 2 4
2 10 | 1 4
9 10 | 1 4
3 8
3 2 - 1 4
3 108999 - 1 4
3 4 - 1 4
3 6 - 1 4
3 4 | 2 4
4 4 | 2 4
2 10 | 1 4
9 10 | 1 4
3 8
3 2 - 1 4
3 109499 - 1 4
3 4 - 1 4
3 6 - 1 4
3 4 | 2 4
4 4 | 2 4
2 10 | 1 4
9 10 | 1 4
3 8
3 2 - 1 4
3 109999 - 1 4
3 4 - 1 4
3 6 - 1 4
3 4 | 2 4
4 4 | 2 4
2 10 | 1 4
9 10 | 1 4
3 8
3 2 - 1 4
3 110499 - 1 4
3 4 - 1 4
3 6 - 1 4
3 4 | 2 4
4 4 | 2 4
2 10 | 1 4
9 10 | 1 4
3 8
3 2 - 1 4
3 110999 - 1 4
3 4 - 1 4
3 6 - 1 4
3 4 | 2 4
4 4 | 2 4
2 10 | 1 4
9 10 | 1 4
3 8
3 2 - 1 4
3 111499 - 1 4
3 4 - 1 4
3 6 - 1 4
3 4 | 2 4
4 4 | 2 4
2 10 | 1 4
9 10 | 1 4
3 8
3 2 - 1 4
3 111999 - 1 4
3 4 - 1 4
3 6 - 1 4
3 4 | 2 4
4 4 | 2 4
2 10 | 1 4
9 10 | 1 4
3 8
3 2 - 1 4
3 112499 - 1 4
3 4 - 1 4
3 6 - 1 4
3 4 | 2 4
4 4 | 2 4
2 10 | 1 4
9 10 | 1 4
3 8
3 2 - 1 4
3 112999 - 1 4
3 4 - 1 4
3 6 - 1 4
3 4 | 2 4
4 4 | 2 4
2 10 | 1 4
9 10 | 1 4
3 8
3 2 - 1 4
3 113499 - 1 4
3 4 - 1 4
3 6 - 1 4
3 4 | 2 4
4 4 | 2 4
2 10 | 1 4
9 10 | 1 4
3 8
3 2 - 1 4
3 113999 - 1 4
3 4 - 1 4
3 6 - 1 4
3 4 | 2 4
4 4 | 2 4
2 10 | 1 4
9 10 | 1 4
3 8
3 2 - 1 4
3 114499 - 1 4
3 4 - 1 4
3 6 - 1 4
3 4 | 2 4
4 4 | 2 4
2 10 | 1 4
9 10 | 1 4
3 8
3 2 - 1 4
3 114999 - 1 4
3 4 - 1 4
3 6 - 1 4
3 4 | 2 4
4 4 | 2 4
2 10 | 1 4
9 10 | 1 4
3 8
3 2 - 1 4
3 115499 - 1 4
3 4 - 1 4
3 6 - 1 4
3 4 | 2 4
4 4 | 2 4
2 10 | 1 4
9 10 | 1 4
3 8
3 2 - 1 4
3 115999 - 1 4
3 4 - 1 4
3 6 - 1 4
3 4 | 2 4
4 4 | 2 4
2 10 | 1 4
9 10 | 1 4
3 8
3 2 - 1 4
3 116499 - 1 4
3 4 - 1 4
3 6 - 1 4
3 4 | 2 4
4 4 | 2 4
2 10 | 1 4
9 10 | 1 4
3 8
3 2 - 1 4
3 116999 - 1 4
3 4 - 1 4
3 6 - 1 4
3 4 | 2 4
4 4 | 2 4
2 10 | 1 4
9 10 | 1 4
3 8
3 2 - 1 4
3 117499 - 1 4
3 4 - 1 4
3 6 - 1 4
3 4 | 2 4
4 4 | 2 4
2 10 | 1 4
9 10 | 1 4
3 8
3 2 - 1 4
3 117999 - 1 4
3 4 - 1 4
3 6 - 1 4
3 4 | 2 4
4 4 | 2 4
2 10 | 1 4
9 10 | 1 4
3 8
3 2 - 1 4
3 118499 - 1 4
3 4 - 1 4
3 6 - 1 4
3 4 | 2 4
4 4 | 2 4
2 10 | 1 4
9 10 | 1 4
3 8
3 2 - 1 4
3 118999 - 1 4
3 4 - 1 4
3 6 - 1 4
3 4 | 2 4
4 4 | 2 4
2 10 | 1 4
9 10 | 1 4
3 8
3 2 - 1 4
3 119499 - 1 4
3 4 - 1 4
3 6 - 1 4
3 4 | 2 4
4 4 | 2 4
2 10 | 1 4
9 10 | 1 4
3 8
3 2 - 1 4
3 119999 - 1 4
3 4 - 1 4
3 6 - 1 4
3 4 | 2 4
4 4 | 2 4
2 10 | 1 4
9 10 | 1 4
3 8
3 2 - 1 4
3 120499 - 1 4
3 4 - 1 4
3 6 - 1 4
3 4 | 2 4
4 4 | 2 4
2 10 | 1 4
9 10 | 1 4
3 8
3 2 - 1 4
3 120999 - 1 4
3 4 - 1 4
3 6 - 1 4
3 4 | 2 4
4 4 | 2 4
2 10 | 1 4
9 10 | 1 4
3 8
3 2 - 1 4
3 121499 - 1 4
3 4 - 1 4
3 6 - 1 4
3 4 | 2 4
4 4 | 2 4
2 10 | 1 4
9 10 | 1 4
3 8
3 2 - 1 4
3 121999 - 1 4
3 4 - 1 4
3 6 - 1 4
3 4 | 2 4
4 4 | 2 4
2 10 | 1 4
9 10 | 1 4
3 8
3 2 - 1 4
3 122499 - 1 4
3 4 - 1 4
3 6 - 1 4
3 4 | 2 4
4 4 | 2 4
2 10 | 1 4
9 10 | 1 4
3 8
3 2 - 1 4
3 122999 - 1 4
3 4 - 1 4
3 6 - 1 4
3 4 | 2 4
4 4 | 2 4
2 10 | 1 4
9 10 | 1 4
3 8
3 2 - 1 4
3 123499 - 1 4
3 4 - 1 4
3 6 - 1 4
3 4 | 2 4
4 4 | 2 4
2 10 | 1 4
9 10 | 1 4
3 8
3 2 - 1 4
3 123999 - 1 4
3 4 - 1 4
3 6 - 1 4
3 4 | 2 4
4 4 | 2 4
2 10 | 1 4
9 10 | 1 4
3 8
3 2 - 1 4
3 124499 - 1 4
3 4 - 1 4
3 6 - 1 4
3 4 | 2 4
4 4 | 2 4
2 10 | 1 4
9 10 | 1 4
3 8
3 2 - 1 4
3 124999 - 1 4
3 4 - 1 4
3 6 - 1 4
3 4 | 2 4
4 4 | 2 4
2 10 | 1 4
9 10 | 1 4
3 8
3 2 - 1 4
3 125499 - 1 4
3 4 - 1 4
3 6 - 1 4
3 4 | 2 4
4 4 | 2 4
2 10 | 1 4
9 10 | 1 4
3 8
3 2 - 1 4
3 125999 - 1 4
3 4 - 1 4
3 6 - 1 4
3 4 | 2 4
4 4 | 2 4
2 10 | 1 4
9 10 | 1 4
3 8
3 2 - 1 4
3 126499 - 1 4
3 4 - 1 4
3 6 - 1 4
3 4 | 2 4
4 4 | 2 4
2 10 | 1 4
9 10 | 1 4
3 8
3 2 - 1 4
3 126999 - 1 4
3 4 - 1 4
3 6 - 1 4
3 4 | 2 4
4 4 | 2 4
2 10 | 1 4
9 10 | 1 4
3 8
3 2 - 1 4
3 127499 - 1 4
3 4 - 1 4
3 6 - 1 4
3 4 | 2 4
4 4 | 2 4
2 10 | 1 4
9 10 | 1 4
3 8
3 2 - 1 4
3 127999 - 1 4
3 4 - 1 4
3 6 - 1 4
3 4 | 2 4
4 4 | 2 4
2 10 | 1 4
9 10 | 1 4
3 8
3 2 - 1 4
3 128499 - 1 4
3 4 - 1 4
3 6 - 1 4
3 4 | 2 4
4 4 | 2 4
2 10 | 1 4
9 10 | 1 4
3 8
3 2 - 1 4
3 128999 - 1 4
3 4 - 1 4
3 6 - 1 4
3 4 | 2 4
4 4 | 2 4
2 10 | 1 4
9 10 | 1 4
3 8
3 2 - 1 4
3 129499 - 1 4
3 4 - 1 4
3 6 - 1 4
3 4 | 2 4
4 4 | 2 4
2 10 | 1 4
9 10 | 1 4
3 8
3 2 - 1 4
3 129999 - 1 4
3 4 - 1 4
3 6 - 1 4
3 4 | 2 4
4 4 | 2 4
2 10 | 1 4
9 10 | 1 4
3 8
3 2 - 1 4
3 130499 - 1 4
3 4 - 1 4
3 6 - 1 4
3 4 | 2 4
4 4 | 2 4
2 10 | 1 4
9 10 | 1 4
3 8
3 2 - 1 4
3 130999 - 1 4
3 4 - 1 4
3 6 - 1 4
3 4 | 2 4
4 4 | 2 4
2 10 | 1 4
9 10 | 1 4
3 8
3 2 - 1 4
3 131499 - 1 4
3 4 - 1 4
3 6 - 1 4
3 4 | 2 4
4 4 | 2 4
2 10 | 1 4
9 10 | 1 4
3 8
3 2 - 1 4
3 131999 - 1 4
3 4 - 1 4
3 6 - 1 4
3 4 | 2 4
4 4 | 2 4
2 10 | 1 4
9 10 | 1 4
3 8
3 2 - 1 4
3 132499 - 1 4
3 4 - 1 4
3 6 - 1 4
3 4 | 2 4
4 4 | 2 4
2 10 | 1 4
9 10 | 1 4
3 8
3 2 - 1 4
3 132999 - 1 4
3 4 - 1 4
3 6 - 1 4
3 4 | 2 4
4 4 | 2 4
2 10 | 1 4
9 10 | 1 4
3 8
3 2 - 1 4
3 133499 - 1 4
3 4 - 1 4
3 6 - 1 4
3 4 | 2 4
4 4 | 2 4
2 10 | 1 4
9 10 | 1 4
3 8
3 2 - 1 4
3 133999 - 1 4
3 4 - 1 4
3 6 - 1 4
3 4 | 2 4
4 4 | 2 4
2 10 | 1 4
9 10 | 1 4
3 8
3 2 - 1 4
3 134499 - 1 4
3 4 - 1 4
3 6 - 1 4
3 4 | 2 4
4 4 | 2 4
2 10 | 1 4
9 10 | 1 4
3 8
3 2 - 1 4
3 134999 - 1 4
3 4 - 1 4
3 6 - 1 4
3 4 | 2 4
4 4 | 2 4
2 10 | 1 4
9 10 | 1 4
3 8
3 2 - 1 4
3 135499 - 1 4
3 4 - 1 4
3 6 - 1 4
3 4 | 2 4
4 4 | 2 4
2 10 | 1 4
9 10 | 1 4
3 8
3 2 - 1 4
3 135999 - 1 4
3 4 - 1 4
3 6 - 1 4
3 4 | 2 4
4 4 | 2 4
2 10 | 1 4
9 10 | 1 4
3 8
3 2 - 1 4
3 136499 - 1 4
3 4 - 1 4
3 6 - 1 4
3 4 | 2 4
4 4 | 2 4
2 10 | 1 4
9 10 | 1 4
3 8
3 2 - 1 4
3 136999 - 1 4
3 4 - 1 4
3 6 - 1 4
3 4 | 2 4
4 4 | 2 4
2 10 | 1 4
9 10 | 1 4
3 8
3 2 - 1 4
3 137499 - 1 4
3 4 - 1 4
3 6 - 1 4
3 4 | 2 4
4 4 | 2 4
2 10 | 1 4
9 10 | 1 4
3 8
3 2 - 1 4
3 137999 - 1 4
3 4 - 1 4
3 6 - 1 4
3 4 | 2 4
4 4 | 2 4
2 10 | 1 4
9 10 | 1 4
3 8
3 2 - 1 4
3 138499 - 1 4
3 4 - 1 4
3 6 - 1 4
3 4 | 2 4
4 4 | 2 4
2 10 | 1 4
9 10 | 1 4
3 8
3 2 - 1 4
3 138999 - 1 4
3 4 - 1 4
3 6 - 1 4
3 4 | 2 4
4 4 | 2 4
2 10 | 1 4
9 10 | 1 4
3 8
3 2 - 1 4
3 139499 - 1 4
3 4 - 1 4
3 6 - 1 4
3 4 | 2 4
4 4 | 2 4
2 10 | 1 4
9 10 | 1 4
3 8
3 2 - 1 4
3 139999 - 1 4
3 4 - 1 4
3 6 - 1 4
3 4 | 2 4
4 4 | 2 4
2 10 | 1 4
9 10 | 1 4
3 8
3 2 - 1 4
3 140499 - 1 4
3 4 - 1 4
3 6 - 1 4
3 4 | 2 4
4 4 | 2 4
2 10 | 1 4
9 10 | 1 4
3 8
3 2 - 1 4
3 140999 - 1 4
3 4 - 1 4
3 6 - 1 4
3 4 | 2 4
4 4 | 2 4
2 10 | 1 4
9 10 | 1 4
3 8
3 2 - 1 4
3 141499 - 1 4
3 4 - 1 4
3 6 - 1 4
3 4 | 2 4
4 4 | 2 4
2 10 | 1 4
9 10 | 1 4
3 8
3 2 - 1 4
3 141999 - 1 4
3 4 - 1 4
3 6 - 1 4
3 4 | 2 4
4 4 | 2 4
2 10 | 1 4
9 10 | 1 4
3 8
3 2 - 1 4
3 142499 - 1 4
3 4 - 1 4
3 6 - 1 4
3 4 | 2 4
4 4 | 2 4
2 10 | 1 4
9 10 | 1 4
3 8
3 2 - 1 4
3 142999 - 1 4
3 4 - 1 4
3 6 - 1 4
3 4 | 2 4
4 4 | 2 4
2 10 | 1 4
9 10 | 1 4
3 8
3 2 - 1 4
3 143499 - 1 4
3 4 - 1 4
3 6 - 1 4
3 4 | 2 4
4 4 | 2 4
2 10 | 1 4
9 10 | 1 4
3 8
3 2 - 1 4
3 143999 - 1 4
3 4 - 1 4
3 6 - 1 4
3 4 | 2 4
4 4 | 2 4
2 10 | 1 4
9 10 | 1 4
3 8
3 2 - 1 4
3 144499 - 1 4
3 4 - 1 4
3 6 - 1 4
3 4 | 2 4
4 4 | 2 4
2 10 | 1 4
9 10 | 1 4
3 8
3 2 - 1 4
3 144999 - 1 4
3 4 - 1 4
3 6 - 1 4
3 4 | 2 4
4 4 | 2 4
2 10 | 1 4
9 10 | 1 4
3 8
3 2 - 1 4
3 145499 - 1 4
3 4 - 1 4
3 6 - 1 4
3 4 | 2 4
4 4 | 2 4
2 10 | 1 4
9 10 | 1 4
3 8
3 2 - 1 4
3 145999 - 1 4
3 4 - 1 4
3 6 - 1 4
3 4 | 2 4
4 4 | 2 4
2 10 | 1 4
9 10 | 1 4
3 8
3 2 - 1 4
3 146499 - 1 4
3 4 - 1 4
3 6 - 1 4
3 4 | 2 4
4 4 | 2 4
2 10 | 1 4
9 10 | 1 4
3 8
3 2 - 1 4
3 146999 - 1 4
3 4 - 1 4
3 6 - 1 4
3 4 | 2 4
4 4 | 2 4
2 10 | 1 4
9 10 | 1 4
3 8
3 2 - 1 4
3 147499 - 1 4
3 4 - 1 4
3 6 - 1 4
3 4 | 2 4
4 4 | 2 4
2 10 | 1 4
9 10 | 1 4
3 8
3 2 - 1 4
3 147999 - 1 4
3 4 - 1 4
3 6 - 1 4
3 4 | 2 4
4 4 | 2 4
2 10 | 1 4
9 10 | 1 4
3 8
3 2 - 1 4
3 148499 - 1 4
3 4 - 1 4
3 6 - 1 4
3 4 | 2 4
4 4 | 2 4
2 10 | 1 4
9 10 | 1 4
3 8
3 2 - 1 4
3 148999 - 1 4
3 4 - 1 4
3 6 - 1 4
3 4 | 2 4
4 4 | 2 4
2 10 | 1 4
9 10 | 1 4
3 8
3 2 - 1 4
3 149499 - 1 4
3 4 - 1 4
3 6 - 1 4
3 4 | 2 4
4 4 | 2 4
2 10 | 1 4
9 10 | 1 4
3 8
3 2 - 1 4
3 149999 - 1 4
3 4 - 1 4
3 6 - 1 4
3 4 | 2 4
4 4 | 2 4
2 10 | 1 4
9 10 | 1 4
3 8
3 2 - 1 4
3 150499 - 1 4
3 4 - 1 4
3 6 - 1 4
3 4 | 2 4
4 4 | 2 4
2 10 | 1 4
9 10 | 1 4
3 8
3 2 - 1 4
3 150999 - 1 4
3 4 - 1 4
3 6 - 1 4
3 4 | 2 4
4 4 | 2 4
2 10 | 1 4
9 10 | 1 4
3 8
3 2 - 1 4
3 151499 - 1 4
3 4 - 1 4
3 6 - 1 4
3 4 | 2 4
4 4 | 2 4
2 10 | 1 4
9 10 | 1 4
3 8
3 2 - 1 4
3 151999 - 1 4
3 4 - 1 4
3 6 - 1 4
3 4 | 2 4
4 4 | 2 4
2 10 | 1 4
9 10 | 1 4
3 8
3 2 - 1 4
3 152499 - 1 4
3 4 - 1 4
3 6 - 1 4
3 4 | 2 4
4 4 | 2 4
2 10 | 1 4
9 10 | 1 4
3 8
3 2 - 1 4
3 152999 - 1 4
3 4 - 1 4
3 6 - 1 4
3 4 | 2 4
4 4 | 2 4
2 10 | 1 4
9 10 | 1 4
3 8
3 2 - 1 4
3 153499 - 1 4
3 4 - 1 4
3 6 - 1 4
3 4 | 2 4
4 4 | 2 4
2 10 | 1 4
9 10 | 1 4
3 8
3 2 - 1 4
3 153999 - 1 4
3 4 - 1 4
3 6 - 1 4
3 4 | 2 4
4 4 | 2 4
2 10 | 1 4
9 10 | 1 4
3 8
3 2 - 1 4
3 154499 - 1 4
3 4 - 1 4
3 6 - 1 4
3 4 | 2 4
4 4 | 2 4
2 10 | 1 4
9 10 | 1 4
3 8
3 2 - 1 4
3 154999 - 1 4
3 4 - 1 4
3 6 - 1 4
3 4 | 2 4
4 4 | 2 4
2 10 | 1 4
9 10 | 1 4
3 8
3 2 - 1 4
3 155499 - 1 4
3 4 - 1 4
3 6 - 1 4
3 4 | 2 4
4 4 | 2 4
2 10 | 1 4
9 10 | 1 4
3 8
3 2 - 1 4
3 155999 - 1 4
3 4 - 1 4
3 6 - 1 4
3 4 | 2 4
4 4 | 2 4
2 10 | 1 4
9 10 | 1 4
3 8
3 2 - 1 4
3 156499 - 1 4
3 4 - 1 4
3 6 - 1 4
3 4 | 2 4
4 4 | 2 4
2 10 | 1 4
9 10 | 1 4
3 8
3 2 - 1 4
3 156999 - 1 4
3 4 - 1 4
3 6 - 1 4
3 4 | 2 4
4 4 | 2 4
2 10 | 1 4
9 10 | 1 4
3 8
3 2 - 1 4
3 157499 - 1 4
3 4 - 1 4
3 6 - 1 4
3 4 | 2 4
4 4 | 2 4
2 10 | 1 4
9 10 | 1 4
3 8
3 2 - 1 4
3 157999 - 1 4
3 4 - 1 4
3 6 - 1 4
3 4 | 2 4
4 4 | 2 4
2 10 | 1 4
9 10 | 1 4
3 8
3 2 - 1 4
3 158499 - 1 4
3 4 - 1 4
3 6 - 1 4
3 4 | 2 4
4 4 | 2 4
2 10 | 1 4
9 10 | 1 4
3 8
3 2 - 1 4
3 158999 - 1 4
3 4 - 1 4
3 6 - 1 4
3 4 | 2 4
4 4 | 2 4
2 10 | 1 4
9 10 | 1 4
3 8
3 2 - 1 4
3 159499 - 1 4
3 4 - 1 4
3 6 - 1 4
3 4 | 2 4
4 4 | 2 4
2 10 | 1 4
9 10 | 1 4
3 8
3 2 - 1 4
3 159999 - 1 4
3 4 - 1 4
3 6 - 1 4
3 4 | 2 4
4 4 | 2 4
2 10 | 1 4
9 10 | 1 4
3 8
3 2 - 1 4
3 160499 - 1 4
3 4 - 1 4
3 6 - 1 4
3 4 | 2 4
4 4 | 2 4
2 10 | 1 4
9 10 | 1 4
3 8
3 2 - 1 4
3 160999 - 1 4
3 4 - 1 4
3 6 - 1 4
3 4 | 2 4
4 4 | 2 4
2 10 | 1 4
9 10 | 1 4
3 8
3 2 - 1 4
3 161499 - 1 4
3 4 - 1 4
3 6 - 1 4
3 4 | 2 4
4 4 | 2 4
2 10 | 1 4
9 10 | 1 4
3 8
3 2 - 1 4
3 161999 - 1 4
3 4 - 1 4
3 6 - 1 4
3 4 | 2 4
4 4 | 2 4
2 10 | 1 4
9 10 | 1 4
3 8
3 2 - 1 4
3 162499 - 1 4
3 4 - 1 4
3 6 - 1 4
3 4 | 2 4
4 4 | 2 4
2 10 | 1 4
9 10 | 1 4
3 8
3 2 - 1 4
3 162999 - 1 4
3 4 - 1 4
3 6 - 1 4
3 4 | 2 4
4 4 | 2 4
2 10 | 1 4
9 10 | 1 4
3 8
3 2 - 1 4
3 163499 - 1 4
3 4 - 1 4
3 6 - 1 4
3 4 | 2 4
4 4 | 2 4
2 10 | 1 4
9 10 | 1 4
3 8
3 2 - 1 4
3 163999 - 1 4
3 4 - 1 4
3 6 - 1 4
3 4 | 2 4
4 4 | 2 4
2 10 | 1 4
9 10 | 1 4
3 8
3 2 - 1 4
3 164499 - 1 4
3 4 - 1 4
3 6 - 1 4
3 4 | 2 4
4 4 | 2 4
2 10 | 1 4
9 10 | 1 4
3 8
3 2 - 1 4
3 164999 - 1 4
3 4 - 1 4
3 6 - 1 4
3 4 | 2 4
4 4 | 2 4
2 10 | 1 4
9 10 | 1 4
3 8
3 2 - 1 4
3 165499 - 1 4
3 4 - 1 4
3 6 - 1 4
3 4 | 2 4
4 4 | 2 4
2 10 | 1 4
9 10 | 1 4
3 8
3 2 - 1 4
3 165999 - 1 4
3 4 - 1 4
3 6 - 1 4
3 4 | 2 4
4 4 | 2 4
2 10 | 1 4
9 10 | 1 4
3 8
3 2 - 1 4
3 166499 - 1 4
3 4 - 1 4
3 6 - 1 4
3 4 | 2 4
4 4 | 2 4
2 10 | 1 4
9 10 | 1 4
3 8
3 2 - 1 4
3 166999 - 1 4
3 4 - 1 4
3 6 - 1 4
3 4 | 2 4
4 4 | 2 4
2 10 | 1 4
9 10 | 1 4
3 8
3 2 - 1 4
3 167499 - 1 4
3 4 - 1 4
3 6 - 1 4
3 4 | 2 4
4 4 | 2 4
2 10 | 1 4
9 10 | 1 4
3 8
3 2 - 1 4
3 167999 - 1 4
3 4 - 1 4
3 6 - 1 4
3 4 | 2 4
4 4 | 2 4
2 10 | 1 4
9 10 | 1 4
3 8
3 2 - 1 4
3 168499 - 1 4
3 4 - 1 4
3 6 - 1 4
3 4 | 2 4
4 4 | 2 4
2 10 | 1 4
9 10 | 1 4
3 8
3 2 - 1 4
3 168999 - 1 4
3 4 - 1 4
3 6 - 1 4
3 4 | 2 4
4 4 | 2 4
2 10 | 1 4
9 10 | 1 4
3 8
3 2 - 1 4
3 169499 - 1 4
3 4 - 1 4
3 6 - 1 4
3 4 | 2 4
4 4 | 2 4
2 10 | 1 4
9 10 | 1 4
3 8
3 2 - 1 4
3 169999 - 1 4
3 4 - 1 4
3 6 - 1 4
3 4 | 2 4
4 4 | 2 4
2 10 | 1 4
9 10 | 1 4
3 8
3 2 - 1 4
3 170499 - 1 4
3 4 - 1 4
3 6 - 1 4
3 4 | 2 4
4 4 | 2 4
2 10 | 1 4
9 10 | 1 4
3 8
3 2 - 1 4
3 170999 - 1 4
3 4 - 1 4
3 6 - 1 4
3 4 | 2 4
4 4 | 2 4
2 10 | 1 4
9 10 | 1 4
3 8
3 2 - 1 4
3 171499 - 1 4
3 4 - 1 4
3 6 - 1 4
3 4 | 2 4
4 4 | 2 4
2 10 | 1 4
9 10 | 1 4
3 8
3 2 - 1 4
3 171999 - 1 4
3 4 - 1 4
3 6 - 1 4
3 4 | 2 4
4 4 | 2 4
2 10 | 1 4
9 10 | 1 4
3 8
3 2 - 1 4
3 172499 - 1 4
3 4 - 1 4
3 6 - 1 4
3 4 | 2 4
4 4 | 2 4
2 10 | 1 4
9 10 | 1 4
3 8
3 2 - 1 4
3 172999 - 1 4
3 4 - 1 4
3 6 - 1 4
3 4 | 2 4
4 4 | 2 4
2 10 | 1 4
9 10 | 1 4
3 8
3 2 - 1 4
3 173499 - 1 4
3 4 - 1 4
3 6 - 1 4
3 4 | 2 4
4 4 | 2 4
2 10 | 1 4
9 10 | 1 4
3 8
3 2 - 1 4
3 173999 - 1 4
3 4 - 1 4
3 6 - 1 4
3 4 | 2 4
4 4 | 2 4
2 10 | 1 4
9 10 | 1 4
3 8
3 2 - 1 4
3 174499 - 1 4
3 4 - 1 4
3 6 - 1 4
3 4 | 2 4
4 4 | 2 4
2 10 | 1 4
9 10 | 1 4
3 8
3 2 - 1 4
3 174999 - 1 4
3 4 - 1 4
3 6 - 1 4
3 4 | 2 4
4 4 | 2 4
2 10 | 1 4
9 10 | 1 4
3 8
3 2 - 1 4
3 175499 - 1 4
3 4 - 1 4
3 6 - 1 4
3 4 | 2 4
4 4 | 2 4
2 10 | 1 4
9 10 | 1 4
3 8
3 2 - 1 4
3 175999 - 1 4
3 4 - 1 4
3 6 - 1 4
3 4 | 2 4
4 4 | 2 4
2 10 | 1 4
9 10 | 1 4
3 8
3 2 - 1 4
3 176499 - 1 4
3 4 - 1 4
3 6 - 1 4
3 4 | 2 4
4 4 | 2 4
2 10 | 1 4
9 10 | 1 4
3 8
3 2 - 1 4
3 176999 - 1 4
3 4 - 1 4
3 6 - 1 4
3 4 | 2 4
4 4 | 2 4
2 10 | 1 4
9 10 | 1 4
3 8
3 2 - 1 4
3 177499 - 1 4
3 4 - 1 4
3 6 - 1 4
3 4 | 2 4
4 4 | 2 4
2 10 | 1 4
9 10 | 1 4
3 8
3 2 - 1 4
3 177999 - 1 4
3 4 - 1 4
3 6 - 1 4
3 4 | 2 4
4 4 | 2 4
2 10 | 1 4
9 10 | 1 4
3 8
3 2 - 1 4
3 178499 - 1 4
3 4 - 1 4
3 6 - 1 4
3 4 | 2 4
4 4 | 2 4
2 10 | 1 4
9 10 | 1 4
3 8
3 2 - 1 4
3 178999 - 1 4
3 4 - 1 4
3 6 - 1 4
3 4 | 2 4
4 4 | 2 4
2 10 | 1 4
9 10 | 1 4
3 8
3 2 - 1 4
3 179499 - 1 4
3 4 - 1 4
3 6 - 1 4
3 4 | 2 4
4 4 | 2 4
2 10 | 1 4
9 10 | 1 4
3 8
3 2 - 1 4
3 179999 - 1 4
3 4 - 1 4
3 6 - 1 4
3 4 | 2 4
4 4 | 2 4
2 10 | 1 4
9 10 | 1 4
3 8
3 2 - 1 4
3 180499 - 1 4
3 4 - 1 4
3 6 - 1 4
3 4 | 2 4
4 4 | 2 4
2 10 | 1 4
9 10 | 1 4
3 8
3 2 - 1 4
3 180999 - 1 4
3 4 - 1 4
3 6 - 1 4
3 4 | 2 4
4 4 | 2 4
2 10 | 1 4
9 10 | 1 4
3 8
3 2 - 1 4
3 181499 - 1 4
3 4 - 1 4
3 6 - 1 4
3 4 | 2 4
4 4 | 2 4
2 10 | 1 4
9 10 | 1 4
3 8
3 2 - 1 4
3 181999 - 1 4
3 4 - 1 4
3 6 - 1 4
3 4 | 2 4
4 4 | 2 4
2 10 | 1 4
9 10 | 1 4
3 8
3 2 - 1 4
3 182499 - 1 4
3 4 - 1 4
3 6 - 1 4
3 4 | 2 4
4 4 | 2 4
2 10 | 1 4
9 10 | 1 4
3 8
3 2 - 1 4
3 182999 - 1 4
3 4 - 1 4
3 6 - 1 4
3 4 | 2 4
4 4 | 2 4
2 10 | 1 4
9 10 | 1 4
3 8
3 2 - 1 4
3 183499 - 1 4
3 4 - 1 4
3 6 - 1 4
3 4 | 2 4
4 4 | 2 4
2 10 | 1 4
9 10 | 1 4
3 8
3 2 - 1 4
3 183999 - 1 4
3 4 - 1 4
3 6 - 1 4
3 4 | 2 4
4 4 | 2 4
2 10 | 1 4
9 10 | 1 4
3 8
3 2 - 1 4
3 184499 - 1 4
3 4 - 1 4
3 6 - 1 4
3 4 | 2 4
4 4 | 2 4
2 10 | 1 4
9 10 | 1 4
3 8
3 2 - 1 4
3 184999 - 1 4
3 4 - 1 4
3 6 - 1 4
3 4 | 2 4
4 4 | 2 4
2 10 | 1 4
9 10 | 1 4
3 8
3 2 - 1 4
3 185499 - 1 4
3 4 - 1 4
3 6 - 1 4
3 4 | 2 4
4 4 | 2 4
2 10 | 1 4
9 10 | 1 4
3 8
3 2 - 1 4
3 185999 - 1 4
3 4 - 1 4
3 6 - 1 4
3 4 | 2 4
4 4 | 2 4
2 10 | 1 4
9 10 | 1 4
3 8
3 2 - 1 4
3 186499 - 1 4
3 4 - 1 4
3 6 - 1 4
3 4 | 2 4
4 4 | 2 4
2 10 | 1 4
9 10 | 1 4
3 8
3 2 - 1 4
3 186999 - 1 4
3 4 - 1 4
3 6 - 1 4
3 4 | 2 4
4 4 | 2 4
2 10 | 1 4
9 10 | 1 4
3 8
3 2 - 1 4
3 187499 - 1 4
3 4 - 1 4
3 6 - 1 4
3 4 | 2 4
4 4 | 2 4
2 10 | 1 4
9 10 | 1 4
3 8
3 2 - 1 4
3 187999 - 1 4
3 4 - 1 4
3 6 - 1 4
3 4 | 2 4
4 4 | 2 4
2 10 | 1 4
9 10 | 1 4
3 8
3 2 - 1 4
3 188499 - 1 4
3 4 - 1 4
3 6 - 1 4
3 4 | 2 4
4 4 | 2 4
2 10 | 1 4
9 10 | 1 4
3 8
3 2 - 1 4
3 188999 - 1 4
3 4 - 1 4
3 6 - 1 4
3 4 | 2 4
4 4 | 2 4
2 10 | 1 4
9 10 | 1 4
3 8
3 2 - 1 4
3 189499 - 1 4
3 4 - 1 4
3 6 - 1 4
3 4 | 2 4
4 4 | 2 4
2 10 | 1 4
9 10 | 1 4
3 8
3 2 - 1 4
3 189999 - 1 4
3 4 - 1 4
3 6 - 1 4
3 4 | 2 4
4 4 | 2 4
2 10 | 1 4
9 10 | 1 4
3 8
3 2 - 1 4
3 190499 - 1 4
3 4 - 1 4
3 6 - 1 4
3 4 | 2 4
4 4 | 2 4
2 10 | 1 4
9 10 | 1 4
3 8
3 2 - 1 4
3 190999 - 1 4
3 4 - 1 4
3 6 - 1 4
3 4 | 2 4
4 4 | 2 4
2 10 | 1 4
9 10 | 1 4
3 8
3 2 - 1 4
3 191499 - 1 4
3 4 - 1 4
3 6 - 1 4
3 4 | 2 4
4 4 | 2 4
2 10 | 1 4
9 10 | 1 4
3 8
3 2 - 1 4
3 191999 - 1 4
3 4 - 1 4
3 6 - 1 4
3 4 | 2 4
4 4 | 2 4
2 10 | 1 4
9 10 | 1 4
3 8
3 2 - 1 4
3 192499 - 1 4
3 4 - 1 4
3 6 - 1 4
3 4 | 2 4
4 4 | 2 4
2 10 | 1 4
9 10 | 1 4
3 8
3 2 - 1 4
3 192999 - 1 4
3 4 - 1 4
3 6 - 1 4
3 4 | 2 4
4 4 | 2 4
2 10 | 1 4
9 10 | 1 4
3 8
3 2 - 1 4
3 193499 - 1 4
3 4 - 1 4
3 6 - 1 4
3 4 | 2 4
4 4 | 2 4
2 10 | 1 4
9 10 | 1 4
3 8
3 2 - 1 4
3 193999 - 1 4
3 4 - 1 4
3 6 - 1 4
3 4 | 2 4
4 4 | 2 4
2 10 | 1 4
9 10 | 1 4
3 8
3 2 - 1 4
3 194499 - 1 4
3 4 - 1 4
3 6 - 1 4
3 4 | 2 4
4 4 | 2 4
2 10 | 1 4
9 10 | 1 4
3 8
3 2 - 1 4
3 194999 - 1 4
3 4 - 1 4
3 6 - 1 4
3 4 | 2 4
4 4 | 2 4
2 10 | 1 4
9 10 | 1 4
3 8
3 2 - 1 4
3 195499 - 1 4
3 4 - 1 4
3 6 - 1 4
3 4 | 2 4
4 4 | 2 4
2 10 | 1 4
9 10 | 1 4
3 8
3 2 - 1 4
3 195999 - 1 4
3 4 - 1 4
3 6 - 1 4
3 4 | 2 4
4 4 | 2 4
2 10 | 1 4
9 10 | 1 4
3 8
3 2 - 1 4
3 196499 - 1 4
3 4 - 1 4
3 6 - 1 4
3 4 | 2 4
4 4 | 2 4
2 10 | 1 4
9 10 | 1 4
3 8
3 2 - 1 4
3 196999 - 1 4
3 4 - 1 4
3 6 - 1 4
3 4 | 2 4
4 4 | 2 4
2 10 | 1 4
9 10 | 1 4
3 8
3 2 - 1 4
3 197499 - 1 4
3 4 - 1 4
3 6 - 1 4
3 4 | 2 4
4 4 | 2 4
2 10 | 1 4
9 10 | 1 4
3 8
3 2 - 1 4
3 197999 - 1 4
3 4 - 1 4
3 6 - 1 4
3 4 | 2 4
4 4 | 2 4
2 10 | 1 4
9 10 | 1 4
3 8
3 2 - 1 4
3 198499 - 1 4
3 4 - 1 4
3 6 - 1 4
3 4 | 2 4
4 4 | 2 4
2 10 | 1 4
9 10 | 1 4
3 8
3 2 - 1 4
3 198999 - 1 4
3 4 - 1 4
3 6 - 1 4
3 4 | 2 4
4 4 | 2 4
2 10 | 1 4
9 10 | 1 4
3 8
3 2 - 1 4
3 199499 - 1 4
3 4 - 1 4
3 6 - 1 4
3 4 | 2 4
4 4 | 2 4
2 10 | 1 4
9 10 | 1 4
3 8
3 2 - 1 4
3 199999 - 1 4
3 4 - 1 4
3 6 - 1 4
3 4 | 2 4
4 4 | 2 4
2 10 | 1 4
9 10 | 1 4
3 8
3 2 - 1 4
3 200499 - 1 4
3 4 - 1 4
3 6 - 1 4
3 4 | 2 4
4 4 | 2 4
2 10 | 1 4
9 10 | 1 4
3 8
3 2 - 1 4
3 200999 - 1 4
3 4 - 1 4
3 6 - 1 4
3 4 | 2 4
4 4 | 2 4
2 10 | 1 4
9 10 | 1 4
3 8
3 2 - 1 4
3 201499 - 1 4
3 4 - 1 4
3 6 - 1 4
3 4 | 2 4
4 4 | 2 4
2 10 | 1 4
9 10 | 1 4
3 8
3 2 - 1 4
3 201999 - 1 4
3 4 - 1 4
3 6 - 1 4
3 4 | 2 4
4 4 | 2 4
2 10 | 1 4
9 10 | 1 4
3 8
3 2 - 1 4
3 202499 - 1 4
3 4 - 1 4
3 6 - 1 4
3 4 | 2 4
4 4 | 2 4
2 10 | 1 4
9 10 | 1 4
3 8
3 2 - 1 4
3 202999 - 1 4
3 4 - 1 4
3 6 - 1 4
3 4 | 2 4
4 4 | 2 4
2 10 | 1 4
9 10 | 1 4
3 8
3 2 - 1 4
3 203499 - 1 4
3 4 - 1 4
3 6 - 1 4
3 4 | 2 4
4 4 | 2 4
2 10 | 1 4
9 10 | 1 4
3 8
3 2 - 1 4
3 203999 - 1 4
3 4 - 1 4
3 6 - 1 4
3 4 | 2 4
4 4 | 2 4
2 10 | 1 4
9 10 | 1 4
3 8
3 2 - 1 4
3 204499 - 1 4
3 4 - 1 4
3 6 - 1 4
3 4 | 2 4
4 4 | 2 4
2 10 | 1 4
9 10 | 1 4
3 8
3 2 - 1 4
3 204999 - 1 4
3 4 - 1 4
3 6 - 1 4
3 4 | 2 4
4 4 | 2 4
2 10 | 1 4
9 10 | 1 4
3 8
3 2 - 1 4
3 205499 - 1 4
3 4 - 1 4
3 6 - 1 4
3 4 | 2 4
4 4 | 2 4
2 10 | 1 4
9 10 | 1 4
3 8
3 2 - 1 4
3 205999 - 1 4
3 4 - 1 4
3 6 - 1 4
3 4 | 2 4
4 4 | 2 4
2 10 | 1 4
9 10 | 1 4
3 8
3 2 - 1 4
3 206499 - 1 4
3 4 - 1 4
3 6 - 1 4
3 4 | 2 4
4 4 | 2 4
2 10 | 1 4
9 10 | 1 4
3 8
3 2 - 1 4
3 206999 - 1 4
3 4 - 1 4
3 6 - 1 4
3 4 | 2 4
4 4 | 2 4
2 10 | 1 4
9 10 | 1 4
3 8
3 2 - 1 4
3 207499 - 1 4
3 4 - 1 4
3 6 - 1 4
3 4 | 2 4
4 4 | 2 4
2 10 | 1 4
9 10 | 1 4
3 8
3 2 - 1 4
3 207999 - 1 4
3 4 - 1 4
3 6 - 1 4
3 4 | 2 4
4 4 | 2 4
2 10 | 1 4
9 10 | 1 4
3 8
3 2 - 1 4
3 208499 - 1 4
3 4 - 1 4
3 6 - 1 4
3 4 | 2 4
4 4 | 2 4
2 10 | 1 4
9 10 | 1 4
3 8
3 2 - 1 4
3 208999 - 1 4
3 4 - 1 4
3 6 - 1 4
3 4 | 2 4
4 4 | 2 4
2 10 | 1 4
9 10 | 1 4
3 8
3 2 - 1 4
3 209499 - 1 4
3 4 - 1 4
3 6 - 1 4
3 4 | 2 4
4 4 | 2 4
2 10 | 1 4
9 10 | 1 4
3 8
3 2 - 1 4
3 209999 - 1 4
3 4 - 1 4
3 6 - 1 4
3 4 | 2 4
4 4 | 2 4
2 10 | 1 4
9 10 | 1 4
3 8
3 2 - 1 4
3 210499 - 1 4
3 4 - 1 4
3 6 - 1 4
3 4 | 2 4
4 4 | 2 4
2 10 | 1 4
9 10 | 1 4
3 8
3 2 - 1 4
3 210999 - 1 4
3 4 - 1 4
3 6 - 1 4
3 4 | 2 4
4 4 | 2 4
2 10 | 1 4
9 10 | 1 4
3 8
3 2 - 1 4
3 211499 - 1 4
3 4 - 1 4
3 6 - 1 4
3 4 | 2 4
4 4 | 2 4
2 10 | 1 4
9 10 | 1 4
3 8
3 2 - 1 4
3 211999 - 1 4
3 4 - 1 4
3 6 - 1 4
3 4 | 2 4
4 4 | 2 4
2 10 | 1 4
9 10 | 1 4
3 8
3 2 - 1 4
3 212499 - 1 4
3 4 - 1 4
3 6 - 1 4
3 4 | 2 4
4 4 | 2 4
2 10 | 1 4
9 10 | 1 4
3 8
3 2 - 1 4
3 212999 - 1 4
3 4 - 1 4
3 6 - 1 4
3 4 | 2 4
4 4 | 2 4
2 10 | 1 4
9 10 | 1 4
3 8
3 2 - 1 4
3 213499 - 1 4
3 4 - 1 4
3 6 - 1 4
3 4 | 2 4
4 4 | 2 4
2 10 | 1 4
9 10 | 1 4
3 8
3 2 - 1 4
3 213999 - 1 4
3 4 - 1 4
3 6 - 1 4
3 4 | 2 4
4 4 | 2 4
2 10 | 1 4
9 10 | 1 4
3 8
3 2 - 1 4
3 214499 - 1 4
3 4 - 1 4
3 6 - 1 4
3 4 | 2 4
4 4 | 2 4
2 10 | 1 4
9 10 | 1 4
3 8
3 2 - 1 4
3 214999 - 1 4
3 4 - 1 4
3 6 - 1 4
3 4 | 2 4
4 4 | 2 4
2 10 | 1 4
9 10 | 1 4
3 8
3 2 - 1 4
3 215499 - 1 4
3 4 - 1 4
3 6 - 1 4
3 4 | 2 4
4 4 | 2 4
2 10 | 1 4
9 10 | 1 4
3 8
3 2 - 1 4
3 215999 - 1 4
3 4 - 1 4
3 6 - 1 4
3 4 | 2 4
4 4 | 2 4
2 10 | 1 4
9 10 | 1 4
3 8
3 2 - 1 4
3 216499 - 1 4
3 4 - 1 4
3 6 - 1 4
3 4 | 2 4
4 4 | 2 4
2 10 | 1 4
9 10 | 1 4
3 8
3 2 - 1 4
3 216999 - 1 4
3 4 - 1 4
3 6 - 1 4
3 4 | 2 4
4 4 | 2 4
2 10 | 1 4
9 10 | 1 4
3 8
3 2 - 1 4
3 217499 - 1 4
3 4 - 1 4
3 6 - 1 4
3 4 | 2 4
4 4 | 2 4
2 10 | 1 4
9 10 | 1 4
3 8
3 2 - 1 4
3 217999 - 1 4
3 4 - 1 4
3 6 - 1 4
3 4 | 2 4
4 4 | 2 4
2 10 | 1 4
9 10 | 1 4
3 8
3 2 - 1 4
3 218499 - 1 4
3 4 - 1 4
3 6 - 1 4
3 4 | 2 4
4 4 | 2 4
2 10 | 1 4
9 10 | 1 4
3 8
3 2 - 1 4
3 218999 - 1 4
3 4 - 1 4
3 6 - 1 4
3 4 | 2 4
4 4 | 2 4
2 10 | 1 4
9 10 | 1 4
3 8
3 2 - 1 4
3 219499 - 1 4
3 4 - 1 4
3 6 - 1 4
3 4 | 2 4
4 4 | 2 4
2 10 | 1 4
9 10 | 1 4
3 8
3 2 - 1 4
3 219999 - 1 4
3 4 - 1 4
3 6 - 1 4
3 4 | 2 4
4 4 | 2 4
2 10 | 1 4
9 10 | 1 4
3 8
3 2 - 1 4
3 220499 - 1 4
3 4 - 1 4
3 6 - 1 4
3 4 | 2 4
4 4 | 2 4
2 10 | 1 4
9 10 | 1 4
3 8
3 2 - 1 4
3 220999 - 1 4
3 4 - 1 4
3 6 - 1 4
3 4 | 2 4
4 4 | 2 4
2 10 | 1 4
9 10 | 1 4
3 8
3 2 - 1 4
3 221499 - 1 4
3 4 - 1 4
3 6 - 1 4
3 4 | 2 4
4 4 | 2 4
2 10 | 1 4
9 10 | 1 4
3 8
3 2 - 1 4
3 221999 - 1 4
3 4 - 1 4
3 6 - 1 4
3 4 | 2 4
4 4 | 2 4
2 10 | 1 4
9 10 | 1 4
3 8
3 2 - 1 4
3 222499 - 1 4
3 4 - 1 4
3 6 - 1 4
3 4 | 2 4
4 4 | 2 4
2 10 | 1 4
9 10 | 1 4
3 8
3 2 - 1 4
3 222999 - 1 4
3 4 - 1 4
3 6 - 1 4
3 4 | 2 4
4 4 | 2 4
2 10 | 1 4
9 10 | 1 4
3 8
3 2 - 1 4
3 223499 - 1 4
3 4 - 1 4
3 6 - 1 4
3 4 | 2 4
4 4 | 2 4
2 10 | 1 4
9 10 | 1 4
3 8
3 2 - 1 4
3 223999 - 1 4
3 4 - 1 4
3 6 - 1 4
3 4 | 2 4
4 4 | 2 4
2 10 | 1 4
9 10 | 1 4
3 8
3 2 - 1 4
3 224499 - 1 4
3 4 - 1 4
3 6 - 1 4
3 4 | 2 4
4 4 | 2 4
2 10 | 1 4
9 10 | 1 4
3 8
3 2 - 1 4
3 224999 - 1 4
3 4 - 1 4
3 6 - 1 4
3 4 | 2 4
4 4 | 2 4
2 10 | 1 4
9 10 | 1 4
3 8
3 2 - 1 4
3 225499 - 1 4
3 4 - 1 4
3 6 - 1 4
3 4 | 2 4
4 4 | 2 4
2 10 | 1 4
9 10 | 1 4
3 8
3 2 - 1 4
3 225999 - 1 4
3 4 - 1 4
3 6 - 1 4
3 4 | 2 4
4 4 | 2 4
2 10 | 1 4
9 10 | 1 4
3 8
3 2 - 1 4
3 226499 - 1 4
3 4 - 1 4
3 6 - 1 4
3 4 | 2 4
4 4 | 2 4
2 10 | 1 4
9 10 | 1 4
3 8
3 2 - 1 4
3 226999 - 1 4
3 4 - 1 4
3 6 - 1 4
3 4 | 2 4
4 4 | 2 4
2 10 | 1 4
9 10 | 1 4
3 8
3 2 - 1 4
3 227499 - 1 4
3 4 - 1 4
3 6 - 1 4
3 4 | 2 4
4 4 | 2 4
2 10 | 1 4
9 10 | 1 4
3 8
3 2 - 1 4
3 227999 - 1 4
3 4 - 1 4
3 6 - 1 4
3 4 | 2 4
4 4 | 2 4
2 10 | 1 4
9 10 | 1 4
3 8
3 2 - 1 4
3 228499 - 1 4
3 4 - 1 4
3 6 - 1 4
3 4 | 2 4
4 4 | 2 4
2 10 | 1 4
9 10 | 1 4
3 8
3 2 - 1 4
3 228999 - 1 4
3 4 - 1 4
3 6 - 1 4
3 4 | 2 4
4 4 | 2 4
2 10 | 1 4
9 10 | 1 4
3 8
3 2 - 1 4
3 229499 - 1 4
3 4 - 1 4
3 6 - 1 4
3 4 | 2 4
4 4 | 2 4
2 10 | 1 4
9 10 | 1 4
3 8
3 2 - 1 4
3 229999 - 1 4
3 4 - 1 4
3 6 - 1 4
3 4 | 2 4
4 4 | 2 4
2 10 | 1 4
9 10 | 1 4
3 8
3 2 - 1 4
3 230499 - 1 4
3 4 - 1 4
3 6 - 1 4
3 4 | 2 4
4 4 | 2 4
2 10 | 1 4
9 10 | 1 4
3 8
3 2 - 1 4
3 230999 - 1 4
3 4 - 1 4
3 6 - 1 4
3 4 | 2 4
4 4 | 2 4
2 10 | 1 4
9 10 | 1 4
3 8
3 2 - 1 4
3 231499 - 1 4
3 4 - 1 4
3 6 - 1 4
3 4 | 2 4
4 4 | 2 4
2 10 | 1 4
9 10 | 1 4
3 8
3 2 - 1 4
3 231999 - 1 4
3 4 - 1 4
3 6 - 1 4
3 4 | 2 4
4 4 | 2 4
2 10 | 1 4
9 10 | 1 4
3 8
3 2 - 1 4
3 232499 - 1 4
3 4 - 1 4
3 6 - 1 4
3 4 | 2 4
4 4 | 2 4
2 10 | 1 4
9 10 | 1 4
3 8
3 2 - 1 4
3 232999 - 1 4
3 4 - 1 4
3 6 - 1 4
3 4 | 2 4
4 4 | 2 4
2 10 | 1 4
9 10 | 1 4
3 8
3 2 - 1 4
3 233499 - 1 4
3 4 - 1 4
3 6 - 1 4
3 4 | 2 4
4 4 | 2 4
2 10 | 1 4
9 10 | 1 4
3 8
3 2 - 1 4
3 233999 - 1 4
3 4 - 1 4
3 6 - 1 4
3 4 | 2 4
4 4 | 2 4
2 10 | 1 4
9 10 | 1 4
3 8
3 2 - 1 4
3 234499 - 1 4
3 4 - 1 4
3 6 - 1 4
3 4 | 2 4
4 4 | 2 4
2 10 | 1 4
9 10 | 1 4
3 8
3 2 - 1 4
3 234999 - 1 4
3 4 - 1 4
3 6 - 1 4
3 4 | 2 4
4 4 | 2 4
2 10 | 1 4
9 10 | 1 4
3 8
3 2 - 1 4
3 235499 - 1 4
3 4 - 1 4
3 6 - 1 4
3 4 | 2 4
4 4 | 2 4
2 10 | 1 4
9 10 | 1 4
3 8
3 2 - 1 4
3 235999 - 1 4
3 4 - 1 4
3 6 - 1 4
3 4 | 2 4
4 4 | 2 4
2 10 | 1 4
9 10 | 1 4
3 8
3 2 - 1 4
3 236499 - 1 4
3 4 - 1 4
3 6 - 1 4
3 4 | 2 4
4 4 | 2 4
2 10 | 1 4
9 10 | 1 4
3 8
3 2 - 1 4
3 236999 - 1 4
3 4 - 1 4
3 6 - 1 4
3 4 | 2 4
4 4 | 2 4
2 10 | 1 4
9 10 | 1 4
3 8
3 2 - 1 4
3 237499 - 1 4
3 4 - 1 4
3 6 - 1 4
3 4 | 2 4
4 4 | 2 4
2 10 | 1 4
9 10 | 1 4
3 8
3 2 - 1 4
3 237999 - 1 4
3 4 - 1 4
3 6 - 1 4
3 4 | 2 4
4 4 | 2 4
2 10 | 1 4
9 10 | 1 4
3 8
3 2 - 1 4
3 238499 - 1 4
3 4 - 1 4
3 6 - 1 4
3 4 | 2 4
4 4 | 2 4
2 10 | 1 4
9 10 | 1 4
3 8
3 2 - 1 4
3 238999 - 1 4
3 4 - 1 4
3 6 - 1 4
3 4 | 2 4
4 4 | 2 4
2 10 | 1 4
9 10 | 1 4
3 8
3 2 - 1 4
3 239499 - 1 4
3 4 - 1 4
3 6 - 1 4
3 4 | 2 4
4 4 | 2 4
2 10 | 1 4
9 10 | 1 4
3 8
3 2 - 1 4
3 239999 - 1 4
3 4 - 1 4
3 6 - 1 4
3 4 | 2 4
4 4 | 2 4
2 10 | 1 4
9 10 | 1 4
3 8
3 2 - 1 4
3 240499 - 1 4
3 4 - 1 4
3 6 - 1 4
3 4 | 2 4
4 4 | 2 4
2 10 | 1 4
9 10 | 1 4
3 8
3 2 - 1 4
3 240999 - 1 4
3 4 - 1 4
3 6 - 1 4
3 4 | 2 4
4 4 | 2 4
2 10 | 1 4
9 10 | 1 4
3 8
3 2 - 1 4
3 241499 - 1 4
3 4 - 1 4
3 6 - 1 4
3 4 | 2 4
4 4 | 2 4
2 10 | 1 4
9 10 | 1 4
3 8
3 2 - 1 4
3 241999 - 1 4
3 4 - 1 4
3 6 - 1 4
3 4 | 2 4
4 4 | 2 4
2 10 | 1 4
9 10 | 1 4
3 8
3 2 - 1 4
3 242499 - 1 4
3 4 - 1 4
3 6 - 1 4
3 4 | 2 4
4 4 | 2 4
2 10 | 1 4
9 10 | 1 4
3 8
3 2 - 1 4
3 242999 - 1 4
3 4 - 1 4
3 6 - 1 4
3 4 | 2 4
4 4 | 2 4
2 10 | 1 4
9 10 | 1 4
3 8
3 2 - 1 4
3 243499 - 1 4
3 4 - 1 4
3 6 - 1 4
3 4 | 2 4
4 4 | 2 4
2 10 | 1 4
9 10 | 1 4
3 8
3 2 - 1 4
3 243999 - 1 4
3 4 - 1 4
3 6 - 1 4
3 4 | 2 4
4 4 | 2 4
2 10 | 1 4
9 10 | 1 4
3 8
3 2 - 1 4
3 244499 - 1 4
3 4 - 1 4
3 6 - 1 4
3 4 | 2 4
4 4 | 2 4
2 10 | 1 4
9 10 | 1 4
3 8
3 2 - 1 4
3 244999 - 1 4
3 4 - 1 4
3 6 - 1 4
3 4 | 2 4
4 4 | 2 4
2 10 | 1 4
9 10 | 1 4
3 8
3 2 - 1 4
3 245499 - 1 4
3 4 - 1 4
3 6 - 1 4
3 4 | 2 4
4 4 | 2 4
2 10 | 1 4
9 10 | 1 4
3 8
3 2 - 1 4
3 245999 - 1 4
3 4 - 1 4
3 6 - 1 4
3 4 | 2 4
4 4 | 2 4
2 10 | 1 4
9 10 | 1 4
3 8
3 2 - 1 4
3 246499 - 1 4
3 4 - 1 4
3 6 - 1 4
3 4 | 2 4
4 4 | 2 4
2 10 | 1 4
9 10 | 1 4
3 8
3 2 - 1 4
3 246999 - 1 4
3 4 - 1 4
3 6 - 1 4
3 4 | 2 4
4 4 | 2 4
2 10 | 1 4
9 10 | 1 4
3 8
3 2 - 1 4
3 247499 - 1 4
3 4 - 1 4
3 6 - 1 4
3 4 | 2 4
4 4 | 2 4
2 10 | 1 4
9 10 | 1 4
3 8
3 2 - 1 4
3 247999 - 1 4
3 4 - 1 4
3 6 - 1 4
3 4 | 2 4
4 4 | 2 4
2 10 | 1 4
9 10 | 1 4
3 8
3 2 - 1 4
3 248499 - 1 4
3 4 - 1 4
3 6 - 1 4
3 4 | 2 4
4 4 | 2 4
2 10 | 1 4
9 10 | 1 4
3 8
3 2 - 1 4
3 248999 - 1 4
3 4 - 1 4
3 6 - 1 4
3 4 | 2 4
4 4 | 2 4
2 10 | 1 4
9 10 | 1 4
3 8
3 2 - 1 4
3 249499 - 1 4
3 4 - 1 4
3 6 - 1 4
3 4 | 2 4
4 4 | 2 4
2 10 | 1 4
9 10 | 1 4
3 8
3 2 - 1 4
3 249999 - 1 4
3 4 - 1 4
3 6 - 1 4
3 4 | 2 4
4 4 | 2 4
2 10 | 1 4
9 10 | 1 4
3 8
3 2 - 1 4
3 250499 - 1 4
3 4 - 1 4
3 6 - 1 4
3 4 | 2 4
4 4 | 2 4
2 10 | 1 4
9 10 | 1 4
3 8
3 2 - 1 4
3 250999 - 1 4
3 4 - 1 4
3 6 - 1 4
3 4 | 2 4
4 4 | 2 4
2 10 | 1 4
9 10 | 1 4
3 8
3 2 - 1 4
3 251499 - 1 4
3 4 - 1 4
3 6 - 1 4
3 4 | 2 4
4 4 | 2 4
2 10 | 1 4
9 10 | 1 4
3 8
3 2 - 1 4
3 251999 - 1 4
3 4 - 1 4
3 6 - 1 4
3 4 | 2 4
4 4 | 2 4
2 10 | 1 4
9 10 | 1 4
3 8
3 2 - 1 4
3 252499 - 1 4
3 4 - 1 4
3 6 - 1 4
3 4 | 2 4
4 4 | 2 4
2 10 | 1 4
9 10 | 1 4
3 8
3 2 - 1 4
3 252999 - 1 4
3 4 - 1 4
3 6 - 1 4
3 4 | 2 4
4 4 | 2 4
2 10 | 1 4
9 10 | 1 4
3 8
3 2 - 1 4
3 253499 - 1 4
3 4 - 1 4
3 6 - 1 4
3 4 | 2 4
4 4 | 2 4
2 10 | 1 4
9 10 | 1 4
3 8
3 2 - 1 4
3 253999 - 1 4
3 4 - 1 4
3 6 - 1 4
3 4 | 2 4
4 4 | 2 4
2 10 | 1 4
9 10 | 1 4
3 8
3 2 - 1 4
3 254499 - 1 4
3 4 - 1 4
3 6 - 1 4
3 4 | 2 4
4 4 | 2 4
2 10 | 1 4
9 10 | 1 4
3 8
3 2 - 1 4
3 254999 - 1 4
3 4 - 1 4
3 6 - 1 4
3 4 | 2 4
4 4 | 2 4
2 10 | 1 4
9 10 | 1 4
3 8
3 2 - 1 4
3 255499 - 1 4
3 4 - 1 4
3 6 - 1 4
3 4 | 2 4
4 4 | 2 4
2 10 | 1 4
9 10 | 1 4
3 8
3 2 - 1 4
3 255999 - 1 4
3 4 - 1 4
3 6 - 1 4
3 4 | 2 4
4 4 | 2 4
2 10 | 1 4
9 10 | 1 4
3 8
3 2 - 1 4
3 256499 - 1 4
3 4 - 1 4
3 6 - 1 4
3 4 | 2 4
4 4 | 2 4
2 10 | 1 4
9 10 | 1 4
3 8
3 2 - 1 4
3 256999 - 1 4
3 4 - 1 4
3 6 - 1 4
3 4 | 2 4
4 4 | 2 4
2 10 | 1 4
9 10 | 1 4
3 8
3 2 - 1 4
3 257499 - 1 4
3 4 - 1 4
3 6 - 1 4
3 4 | 2 4
4 4 | 2 4
2 10 | 1 4
9 10 | 1 4
3 8
3 2 - 1 4
3 257999 - 1 4
3 4 - 1 4
3 6 - 1 4
3 4 | 2 4
4 4 | 2 4
2 10 | 1 4
9 10 | 1 4
3 8
3 2 - 1 4
3 258499 - 1 4
3 4 - 1 4
3 6 - 1 4
3 4 | 2 4
4 4 | 2 4
2 10 | 1 4
9 10 | 1 4
3 8
3 2 - 1 4
3 258999 - 1 4
3 4 - 1 4
3 6 - 1 4
3 4 | 2 4
4 4 | 2 4
2 10 | 1 4
9 10 | 1 4
3 8
3 2 - 1 4
3 259499 - 1 4
3 4 - 1 4
3 6 - 1 4
3 4 | 2 4
4 4 | 2 4
2 10 | 1 4
9 10 | 1 4
-1 -1
