2 6
1 1 - 3 2
1 2 - 2 3
2 3 - 1 3
1 1 | 1 2
2 1 | 2 4
3 2 | 1 4
3 6
1 1 - 3 2
1 2 - 2 3
2 3 - 1 3
1 1 | 1 2
2 1 | 2 4
3 2 | 1 4
1 5
1 1 - 10 3
1 3 - 10 3
1 1 | 4 1
2 1 | 4 2
9 1 | 4 5
2 5
1 1 - 10 3
1 3 - 10 3
1 1 | 4 1
2 1 | 4 2
9 1 | 4 5
1 2
1 3 - 10 5
3 1 | 10 5
10 2
1 3 - 10 5
3 1 | 10 5
1 8
1 1 - 6 1
1 4 - 6  1
3 2 - 1 3
3 3 - 1 3
1 1 | 4 1
7 1 | 4 1
3 2 | 1 3
4 2 | 1 3 
2 8
1 1 - 6 1
1 4 - 6  1
3 2 - 1 3
3 3 - 1 3
1 1 | 4 1
7 1 | 4 1
3 2 | 1 3
4 2 | 1 3 
4 8
1 1 - 6 1
1 4 - 6  1
3 2 - 1 3
3 3 - 1 3
1 1 | 4 1
7 1 | 4 1
3 2 | 1 3
4 2 | 1 3 
-1 -1

